612

brevitate 9869

11111616 99, 6

1111116111 164, 2. 269, 2
Britannum 69, 9. 82, 1. luno
Britannus 282. 7

1116616242, 7. 4696492, 19 61666 6962

brumum 609, 12
bruna 196, 4

8166666166 866, 7. 621, 7,6ι16161297,4

6269.
bruta 161161 78,6
Brute 877, 4.
111616 106, 2. 976,6
Brutum 976, 11,12
1166616 926, 1
Β1111611 692, 2
Bupulu 281, 19
burto 166, 17
11611661 486, 12
Byzantia 449,6

G.

ctutum 972, 11
66116116 879, 16
caballum 497, 9. 624, 6
caballus 619, 14
canatum 989, 9
6661116666 1611661679, 6
eacumina 298, 16
666661697, 1. 666, 21
66661 994, 6. 686, 16. 646, 12
6666161447, 12
66661616 878, 7

eadent 667, 16

cadentia 622, 12
66666111 148, 19

6661 199, 2

6661666616, 81, 9. 1⁰8, 8 01166999, 16

uadit 196, 6. 226, 8. 288, 8
(1661116869, 12

(1661661 676, 2

cado 217, 19

666666 191, 4

66666661 121,11

uallum 188, 8. 199, 8. 269, 16. (16166661, 7

usura
..11111611

66661 260, 6

(1661, u. (1616
6666122, 6. 489, 19
(1661116 666, 22
(lucilius 697, 8
caecior 997, 4

661666 218, 19
(1166666 127 ,9. 468, 6

caccubum 61, 7. 86, 4. 216, 6. 0111916116 9868

281, 8. 287, 10
666616 812, 16. 416,9
occur 618, 6
6666161661 16147, 6
6666116161262, 19
cedam 618, 19
undu 847, 14
61666196, 18. 294, 1. 269, 6
cedebat 847, 4

under 09, 10. 161, 9. lou, 11. 6611616 486,1

296, 6
coederu ᾖ, 11
cedere 421, 9

INDEX

uaedibua 687 , 1
uoedimur 666, 16
celarum 55⁵, 19
6161116616 149, 7
6161666111 204, 19

ualere· 247, 9
6616111161 nui ,7
66161616 211, 1
Calvum 989, 2
6661616 847,9 i
(1661666 92, 2. 47 9, 1
emm 194, 2. 159, 12 m
246. 9. 991, 7. 594. lt 19.
4. 679, 17
6616 279, 2 Camenis 911, 17
(161619, 2. 89, 4. 187, 7. 299, 6611161616 49914
2. 949, 4. 462, 17. 699, 4 Camillis 174,1
cauare 89, 8. 69, 8. 168, 6- Camillum 92,6
m, 12. 297, 19. 261, 6. 6616166 964, 14. 491, 1.
2819. 491,11. 485.ss 66161661 609,12
ceruam 81, 12. 19919. 227, 96161666, 60166666
17. 286, 19. 286, 6 96611666 supellex 9799
cesariem 98, 19 Campana 1111116 421,19
6616116 8, 12. lu, 9. 99, 7. (1616661111 lfifi, 9
114, 2. 119, 8 299, 4. 264, Campano 961,8
1. 287, 11. 98216. 997, 4, Campanum 869, 7
12. 696, 9. 6118, 4 mnatre 699, 11
Cereris 1616111 56812 campestres 296,6
611661 984, 8. 896, 2 ammiti· 524, 21
caetera 1611164111, 2 campestribus 666, 19
661616 29, 9. 219, 9. 229, 9. campi pingues Asi: 4811
616,11161116611116116111111.661, merari
61616111 29119 rumpia 68, 6. ὅ, 7. llll«
(1616661499, 2 177, 19. 182, 9. 199, t att
Culubroe 192, 12.214,14 9. 282, 9
Calabriae 72,6 eampo 196, 9. affl. li· 119
Calabris 291, 9. 669, 7. 29. 462, 19. 495, 19 5921
(1616616677, 8 campus 192, 4. 145,2
6616666214 lum
6661116119,1.24,6. 995

Coerite centul, 9
6661616299, 12

Calain 178, 14
calami 89. 9. 419, 6
calamo 690, 1

caua 6116 conspuet Alps 111
calumum 641,12 18

66166666 66, 7

cenem 26, 4. ffi, 11. 19611
6616616111, 19

nauta 419, 9

candens 216, 11

candente 619, 8

crudentes 7,14

audentibus 959, 19
66666161455, 5

6666166 999, 6

eandida 178, 2. ΞΜ
candidam 219, 19 ,
6666166 47, 2. U, 5. &³⁴
candidi 179. 4

candidiores 961, 4

candidis 189, 11

candido 221, 17

calceus 842, 8. 691,17
6616161849, 14

6616116 262, 7

calefactat 568, 24
calena 72, 9

(16166616 946, 8

Calendis 176, 11. 279, 19

ualentem 106,8
calentes 132,8

66166111 289, 19
6611199918

calet 14, 1. 418, 19. 641, 7
(1611611269, 12 66661666 96,6

calicem 441, 6 6666161116 29,1. 271,6
ο.11..111,1.161,11.116,1 cmdidumingeaiunnnss
calide 216, 21 candidus 491, 15. 661, 11
ualidus 189, 4, 489, 8. 664, 19 66662187

6616ὒ11616715615 angae 519, Ι
caue ‚ ,

666616 876. 19. 524 18
wiliare
61666161 241, 1. 2865
currere 664. 21
66661661589,2
6666161869

mr mr ma Π· n'i ³
6616 argutas 619, 18 cenet 561, 19
1111111311,10.612,11 caninus 992, 5. 455, 113ῗῖ
6616141166 14

caliginosa 219, 6

callemus 679, 16

6111161249, 12

callida 181, 9. δῶ, 16

callidi 297, 19

callidum 26, 1. 140, 1
66111661 415, 4. 491, 6. 591,1
Callimachus 666, 1

Calliope 168, 6

 

