VOCABULORUM OMNIUM. 661

,ι orbem 151551 55814 55155 488, 18 55151555 484. 8. 489, 2 484,
, 0511155815 omn 42811 14
, 05511155 589, 1 ou] 5115, 852, 8. 878, 18. 542, 8 5515545818
55515,55551.82,1. 158, 8. 218, 05518888 51155555 1881
1. 8887 55515555 212,5 55115 278, 8. 88812. 87811
55855 228, 8 555515 85, 11. 88, 8 128, 12 5115815 1818. 18, 8. 11185
¹ 55554488 55551555 188, 18 5115 5888
05511818. 188, 18, 17 osirim 521, 15 5115588, 18. 8818. 288, 11
015588,1.188,8.227,7.415,85555 278, l. m, 1. 882, 15. 5515555185
055555 188, 8. 215, l 87818. 459. 1 5111515555 478, 15
0551555588 55511555 87, 8. 8784 pallescet 5887
5511155551 8822 55155811488, 18 5511514111, 8. 4987
’ 5511555515 982 5515511515 5288. 581,8 5511185 889, 11
Ι 5581551251,11 551558512885 5511185 mon 188
558155 858, 7. 41811. 478, 8. 5585818884. 52811. 581,8 51111855 4882

“ 52818 55155815 5788 551155 188, 9. 288, 2. 288, 14. ,

ordinm 2887 ostendit 218, 12. 888, 28 87813. 46411
ordinet 1487 55155155884,11 5815112181 .
· ordinibus 15818 55115824, 4. 4881 55155227,1.4’41,18.518,5
“ 558151558818 5515554888. 4888 palmaque 5515111582
5581151572, 18 55155 218, 8. 581, 1. 577,8 5515554785
5585 5889 0155552181 5515551989
555 148, 8. 154, 8. 182,14.511857,7 551555555814
289, 8. 228, 8. 275, 8. 218, 5115 825, 11, 481, 17. 494, 7. 5115515 897, 18
1, 18. 284, 7. 825, 14. 454, 575, 14 5858552128
> 10. 555, 5. 581. sam 555555 palumbes 555, a. 55514
5555515585 1555158181 51155 8789 55155 587 , 11
. 555155185851511551588,4 5115552782 55155515814581
f 0555155421,8,12. 57814 511555 19811 5551552187. 24818
2 555157815 otium 8, 8. 181, 1, 5, 8. 281, 55511782
5515551515 575, 17 8. 284, 5. 8882 5558514885
Oricum 1788 555 27818. 558, 18 55555885
551558554812 51555 Am 55555555585542,5
¹ 551551158811. 14814. 2185555 2888. 278, 4. 4981 5555555287
11 ovibus 1888 pungo 588, 12
= originem 188, 11 ovile 8888 55515 82811. 827, 21. 885, 5.

55151555258, 18 551115 281, 18 488, 4. 488, 15
05555515, mm. pr ,2887 5515 4884. 48811 55555 81, 5. 519, 12
Onon 124, 8. l ,2. 218, 7. (mum 2588. 424, 14 555555 8884
2888. 2887 555 848, 8. 8881. 489, 12. 5555555 5282
3111111111, 5. 55, 11. 55, m'w 1511111111

18. 481, 5 5511551855 88, 1
5515 ab 55 8888 Ρ. Pantilius 894, 12
oritur 881, 2. 45812 Ρ55151555 878, 18
oriturum 5888 81555555 478 18 Pantolabum 88815
55155151 487,8 pacatum 2882 555555558815
3311111111 11111115115111115 5811101155
ammenta 5882 55555 482, 8. 5481 5558787. 488, 21. 488, 18.
omre 882 5551514212. 898, 4. 558, 15 488, 11
5555518888 1151551228, 18 555551512, 18
ornatum 2888 1555511887 5515554289
555515555828 5551515818 55155515 15515555 4284
5555155 245, 18 55515 858, 5. 875, 2. 888, 11. 5555811 85, 7. 8589
one· 528, 18. 588, 2 ffl, 4. 487 , 11. 51817. 518, parabilem 889, 1
55512812. 118, 8 8 555555 2781. 52811
05511151 17814 Ρ5515155 2181 ptrue 5888
5555 2189 Ρ5555155 5885 , 5555511881
oro 21, 2. 881, 9. 877, 5. 485, Ρ5855298, 18 55555154284

4. 44818. 4488 55555, 5. 55 55555 88, 2. 414, 8. 482, 18
Orphe· 888 petum ,8 pumina 887, 11
0551555 587 51511284 55551115 5489
05515555 587,1 5115554788 5555518581
omnm p 15515. 5554 5555555555
5515 88, 8 2884 55 55155 288 5555181811. 4785
5511 248, 7. 281, 12. 882, 9. 551551 289, 8. 2981. 888, 21. 55585281, 11

871, 1 575,1 55551185. 5488
5515 541,11 155155418, 14 pinli» 18. 8 4883
⁰¹¹⁰· ³6⁷, 9 51511555 812, 2 55551555 419, 14. 498, 18
ortu 2181. 55815 Ρ51511555 48212 5515155 284, 1. 88818
onum w, 1. 281, 8. 5888 551515 488, 15. 4885. 5588 555551528814

 

