088 INDEX

'l'uotpit 811, 11. 8811 7111111711. 988, 17 1811111118
’111111111111 8711. 89199711111311118919 1811111 mbr-n 8718
uteriui· 08, 11 11111111 9918 181111110, 19. 79, 0. tu. tt
781111181οῌ timebo 9111 w, 11. m, 18. 8111.
Thetonion 91, 9 1111111111 9818 880, 9. 877, 8. 1518 ω
’11111019910 timendorum 1118 1811111811811811 18 q
’1111111111 919 1111111181 1917 18111111187,1“.11ΰ.8. m
’1111111181 98, 10 1111110111 819 totto· ex 881111 stt, Β
1111111, uide thynt 11111111, 8919 1111119, 18. 88191
’181181 1817 timentur 8018. 878, 19 18111111 178, 10
Threcum ott. 18 timenti 1911 18111, 1011
’1111811818 1111111111 881, 7. 11119 11111110 11111 187 , 11 ⁸
’1111181190111 0111118110. 9119. &l toltit 188, 19. m, 19
’11118111 989. 19 1111111 99, 8. 199, 8. 918, 8. 111111 rouen 8ω.8
’1111181881 11 919, 18. 908, 9. 811, 9. tut, 1811111 88, 8. Β, 9. ss· ll·
71111811 111, 18 11. 89110. 18110. 81118. 891,Ῑο
’1111181111 09, 9. 91111 8717 18118 98111
71111111 1110 timide 8718 tollor 189, 18
Tium 189, 8. 8918 1111811111 1111111111 108. 19
’11111811 81, 8 timido 181, 10. 889, 91 18111111 78, 1
Tireioio 817. 9911 1111111111 198, l 18111101 9118
711111111111011111 1111111111 tw. 0. 88111 1811111, 9818
1111111111 thynni 11111011 811. ltu. 8. 91118 toute 9811. 58817
11111 19. 0. 991 19. ffl, 10. 1111111111 18811111 80111 toute lm, 19

8019 1111111 ,8111188110 tomum?
11111111,1.01,1.1ω,1 timore 1818 touton 111, 7. 1718
1111111111 178, 11 ouum 818. 1819 18118111 170, 1
’111ιί111101 11 timui 1910. 881, 11 181181188110
1111111, 178, 19 1111111111, 8, 18. iffi, 18. 871, tonsoribus 8718
11111801 17. 8819 18. 8917 18118111 1911
Thmoo, 111111 ’11188 1118111818 iuni 1818
11111111 1110 , 0181118111 1811111111, 11
7111118118 1111111110, 11 tormentum 9011 tntu
Tbyoetu 8011 11181111819 tornator 819, 19
*111111111197110 1111111111 181, 19 1111111100, 19
71111111 111 1111111 88111 torpet uuimo et 811
thyon 1110. 997, 19. 18110 tingere 9810 Torquute 919, 18. ,8
11111111 1118 1113111919. vt, 18 7811111ωῇ, 8
*1111111710 711111111119 1811118111Α7118
Thyoneus 119 711111111ωο11 torquebitur 8811
Thyrro uto tironum 8818 torquere iffi, 18
1111111,ρνσρν.111·1“.198,9 711111181111881,8 torquerier iffi, 11
7111111111. 1818 7111111 1018 torquet 8119. 881. 11
Tiberim 0, 9. 99, 8. ω, 19. Tithonum 1818 1811111111170, 1

88110. tum 11118111010 torrentium, 8
Tiberinis 1810 titillet 198, 18 torrere ffl. 9
Tiberino 11111111 8018 ’1111111111 torret 70, 8. 178, 18. Μ Ι
711111111101, 10 0118118018 8018. 80111
7181111917. 80119 1111111801] 81111118018
11111111. 97, 11. 810. 88, 101118198111. 19111 torserunt 80], 10

80, 9. 118. 81, 9, 8. 9817. ’1111118118 tortor 1011

991, 19. 8811118 11. utu, Tityi 11118 tortum 11118801, 98
1111181181... 1111111111 onorem
11111191 1. 1811. 87117 Tityon 9810 torro 00, 8. 88, 11
1101111718. 1911. 99118 totu 918, 0. 811, 1. 819, 7. 1811111018
110111 1, 8 170, 8. 898, 18. 8810 1111111199, 11
1111111 111, 11. osu. 11 11 111. 1811 oros. 111, oi 111, 11. tut, t. 81 tt
1111111111 80119 i} 189. 90. toe. 11
0818111111, 810, 10 toqm 118, 7 tot et 11111, 888, 1
1111111909, 1. 901, 19 toqutu 888, 18 181119, 1. 889, 1. Μ. 58
’111111111111111011 togetae 88118 11811.
Tiburqt 118 to 111, 1. 1. inbuite 881, 8 toturu 9718
’1181111111110 1 11111111 8818 1811110118
Τίςξὲἰ tut. 9. 1111. tut, 11. 11111111 109, 9. 1181111 totidem 88, 8. Β, 17. ἥθ’

.9 1811118011 Qi- 18111. &iffi

Tiquiiiuu 8111 tollentium 18
1131118811 1111111817, 10 181111 809, 8. tut, 11. 18818
1111111881, 11 1111111117 1710
tigres 181, 8. 189, 7. 918, 7. tolio 109, 7. 189, 17. 198, 1. toto 111, 8. 119, 18. 1781 1·

9918. 8819 801,Ιο iffi, 1. 881 19
11811119· 591. 18 181111811181111811111 8818 totum 981, l. 811, it. 1188
1,....118111111 8111111111 11111811 tutum

 

