884 INDEX

stertinius 415,14. 4549 111818141419. 451, 1 115111551418. 51811
1111111111, 8. 55415 1111511111 554, 10. 551, 15. 115111111480. 18
141455, 10. 441, 19. 5841 5548 subjectior 4548
8111115111518,9 111111111411,1. 5141 1151111111 5411
1111541. 1545. 5148. 55411111114541 1151115841

4. 545, 15. 5111 , 15 11111111 4548 11511111 55415
1111111 448 1111111 541, 14 549, 5. 581, 14 1151181444 5. R, 15
11181 185. 5. 18418. 4145. 4541414 4445. 47441151115545. 51414

4448. 511, 15 40485948 1155114944
8111111111 59, 10. 541, 15 1111111 1545 11511 551, 11
11111511 1141 1111111141 1111111141. 15411 1111.
11111111 48418 1111111519, 9. 551, 15. 5841. 4548
1811114141 4945 115“111111411,9
1111111 558, 1 1111111 5544 11 111 ffihss
11151... 111111 1111511...
111111151415 1111111141 1151111 1111111118581.9
811111455, 18. 4541 111111 518, 14 11551114145
8111115845 Styx 141 11511111 4045
11111111, 1. 11111 1.. 111, 11 111,1.111,1.11111.111,1 1
1111181544 8 Nm] 1151111111111159),11 ,
aton-ouri· 418, 15 8118111 4841 1115111114 5. 54145111
statuebatur 5544 111811151411 11111151141
11111151 45, 5. 4941. 451, 111811115545 11111ῑωὶ11141. 5145

19. 458, 18. 441, 5 11111111 md! sublustri 514, 4
11111151111 5145 1118114145 subrepere 4545
1111115111 495, 5. 4045. 488, 1111 558, 19 1151111191, 5. 5144

1⁸· 5ll.⁸ 11111 899, 5. 5445 subscrib? 594 11
1111111511,1’.1.11111144 111148415 115111151541, 15
1111111511 4048 111118148411 subsequitur 446
strabonem 545, 5 111111 111 sm, 15 1151181111 5945
11111111 451, 18 1111155415 11511111 um
1111111181 45411 1111111491 , 1. 481, 15 1151111 ,6
1111111 5, 14 1111115140 subtemine m, 19
111111115410. 445 11111115841 1111111464145454
1111111558, 5. 4544 11111111585, 5. Μ, 1118511111 4545
1111111 518, 5. 5045 111111151410. 481. 1111110111 4144
11111111 481, 5. 484, 11. 115 415. 41. 14, . 441. subvertet 501, 18

4044 5410. 01, 5. 94, 5. 1141 Suburanam, 11
151111111415. 55411. 541, ll 115 1111111155, 9. 59. 11 1151115111 4449
1111 11111 544. 141, 5. 518. 8. 11511111 185, 5. 1941. m 1151151111 4545

Ι, 14. 4144. 59459 115,1.1.11111189,1 1111118111 4844
mgnum. 145148. 554115181111111Μ5 11111811115541
. 588, 19 11511111 11111 845 1111111111 541, 8

ἷῗῆῗῧὲῧξὲηι :ssffiw ¹1qu 1131111511141111
stridere 481, 1 1151111111 41 ,4 1111111111 4548
stridore 145 1151181111111115544 nequam&
strigili 481, 15 115 1115141 1111114840
111111151411 115 511 4845 1111144419
11111 1111111111 11111
1111155415. 4841 115 111 1111111145 1111111111591,5
111811 554 15. 485, 8. 551, 5. 115 111 585, 5 111111515, 5. 55415

545, 5. 5141, 8 115 luminu 1111111451, 18 11811814148
1118115548 1151111111 541. 591, 5. 401, 1111111111 5148
11111111 5151, 5. 415, 4. 4148. 14. 558, 54 1181111 5849

49418. 5549. 54414554, 11511811849 1181115145

55. 5545. 5145 115 1111115544 11811 58, 9. ἢ, 15. w
111811 554, 8. 405, 15. 459, 5. 115111111181181 5145 8848

5044. 541, 8. 54411 1151111148415 11811115445
1118111111 589, 4. 5145 11511111111111111511111 581, 1111111145
111811115145. 441, 1. 4841 11 11111111 514 5
11181111 185, 5. 551, 8. 4844115111511441. 144 »arrugia 5541. w

1141 1111111141. lom 11141. 1411, 111. 1111
851550478111 m'm· ‘w' ¹⁴ 'abundo ²⁹10 8 m, ¹ ¹
.1111111,ι.111,ι1 ...1111111111 1111111, 1 1141 11111
1111111111 subducti· 1141 11111111, anm-⁴⁸
1111111 544, 51 1158111111 11, 15 14. 5549
stultissimus 584, 15 1111111111, 5 Sulci 55418
111111111 15, 5. 418, 8. 45415. 1151115544. 410, 5. 599, 18 111111 141, 8

4549. 455, 5. 11411 1151111 15411 81111111 555, 14

 

