622 INDEX

44641444997,6.619,16. 66619 9414614676, 17
441144444141414 1141464418, 't
detine 444144 ,9 «retribuentis
44444168, 9. 916, 6. 479, 16 44146414166,19
446414 91, 8 949,7 4414441446, l
4464646446 4466644614 44444469, 8. toe, 7. atti ,
defodiet 488, 19 44644 699, 9 deponent 84, 7 ’
deterrerem. 44444644 derne 69614 deponerem. 6. 479,6
44144614999.14 4464449796. 994, 8491, &depone 4444469 7
4414444 996,6 499, 4 4444414444 9ὣ,9. 49, le
defricuit 987, 6 demerentes, 6. 491,19 4444444 996, 6
44141444 976,19 44644444 66, 6 4444664446 2211
44144444 694, 14 44644114 99699 44446466466,9
4414444146 91619. 919,16 446444 9, 19. 479,11 44444441, 14446. m. 16
44144446467, 8 4466411798 44444444999, 19
441444 997,17 4464444 191, 4 44444441 966, 7
44 4474 9 demeteret 994, 19 4444444499, 7
dego 19919 1146461996, 9. 496,6 4446644466, 4. 4719
4144 991, 6. 4444414414 1146444144 994, 19 4446444444 199, 9

679,7 4461411999,1.969,1,469,4 4444 enred&
44167719 4461444194, 9. 997, 8, 19. 674, 4414461661, 19
441444ιί4 691, 6 17 44441446 999, 6
4 4414967 4 946, 19. 669, 16 4466444999 9 4441414997 6
44144446611 44614446 66, 9. 446, 8 derepte, 966, 6
11.12 ω·
4414444 4467, 9 4461161194, 1. 149,7. 617, 4 deripere 916, 9. ml
441444966, 19. 979, 16. 467, 8446146989, 16 4441414977,6
1141464644 947,14 4464 696, 14, 614 4441444469, 16. 58, 11. a
4414644114 919, 11 946444141666,4 11
44144464 994, 8 9464441144 647, 9. 661, 19 4441446 691,6
4414414 961, 6 44644441 996, 9 44414414 179,6
detectum 4464144 996, 17 4449699. 499,11. 6994
4414466444 994, 19 deep-erit 199, 19 444 venien 496, 4
44144146 161,9 4464444 667, 17 4444ιί14699
4414414444 eset 44646 969,16 444444444147, 9. w, 11, Ε.
4414464446 644, 9 4444 669, 91 8 i
delectent 916, 19. 969,9. etta 44444444 499, 16 4444644168, 4. ”M
detentere 689, 11 4444444176, 6 4444444444999, 11
44144141 9989. tote 618, 8 deneger 199 17 descenderet& 7
delectetur 669, 99 4441444998, 16. 999, 6, 4141141 444444444 499, 11
4414416444 661,6 1444444444, 44444441 499, 9
44144644667,4 44446144144199, 9 4444411441 997, 8
4414461997, 4. 499,1 44444641449,4 describiutr, ⁹1. 6449
44144444 616, 16 4444 96619 describitur 666, 4
4414444698,19 4444419, 19 4444414ιί 416, 16
4414414149,16 4464444466, 19 44444146 w, 8
delere 686, 16. 689,18 deeris 166, 6 4444414444 668, 14
4414414 179, 9. 947,9 terrorest 4444466499
1141197,4 (tenerrrima 4444441691, 19
Delie· 946, 8 dent 4946 466, 99 444444 916, 9
4411644444 87,9 dente 96, 8. 111, 1. 999, 19.· 44444444 681,9
441164414971, 19 999, 7. 977, 6. 981,14. 969, 4446416669
4411144444 969,9 6. 981, 9. 999, 19, 16. 464, 4444411917, 14
4411414464 944, 4 19. 696, 9. 649,16 4444414699, 19. 69619
44114114 488, 19 dentem 491, 4 desertior 669, 8
4411444168, eut, 88. 949,.4 denter 1997 966, 16. 961, 6 4444441449, 9. 169, 1. 6177

664, 7 44411644 699 7. 669, 17 44646666444444444444146
44114446689,99 444144467,6 11
1141114 9969 44416, 6. 166, 19 4444644679, 6

Ι delinit, 4. 4414414 44444696,4. 641416144444444414464

' deliquit 9466 6 77, 9. 69,.868 86,.9 997. 461446699618

4411444996 199, 6. 166, 19. 168 9 169, 4464441467, 9

4411644477, 19 1. 916,.996,11. 991,6.444144414697,6. entus
deliretttss‚l 949, 16. 974, 8. 979, 18. 444144444499, 9
delirantem 996, 9. ,8. 699, 4441414414, 6
4411444496, 7. 667, 9 6. 668, 4441464486, 9
4466444669, 4 4444 9.,68 6. deri 469. 6
1141641119 69. ,19.1164, 4441441999
11414469, 4 .,994 16. 4444114467172
1141 14449999 .469,19.44411144996, 19

4414 ’ 4666616 Ιὲ. 6,16 4441114996, 6

 

