Ι 668 111111

11818 5704 1111188111 104. 451,14. 5004. prauum?
1111818 0, 4. 16, 8. 0101. w, 576, 15 presentis 540, 15
1. 000, 6. 040, 16. 407, 1.1118881)18415,15. 445,10.4θ,11188816581 065, 4. 51011
5400 5706 11. 4708 pruentia 177, 14
potentem 148, 7. 0106 111888161445, 1 precept 514. 10
1181811181 5608 11888168816818540, 10 11181816- 470, 8. 21 11.
1181811188 81,6. 4108 prm 1111 4141, 14 5804
potenti 15, 5. 1406 11 ’ 818 4700 1118111ἁὶ848. 12 0001. m
potentior 0007 procincti 466, 17 presidium 1,0. 004 55011
potentiorum 0608 praebetis 4505 pambo 404, 10
potentium, 11. 5006 11188118 57, 4 111ε11111440. 11. 51418
potentium 045, 6 1118811688 584, 14 prumtis 504, 7
1181811118 101, 1. 581, 4 1118811081 441, 0 1118111400, 6
potem 407, 0. 584, 6 11111811111811, m 10, 8. 4407 111α1881407, 10
118611146011. 60016 1118811116 4406 111881αο400
poteris 5807 precipue 476, 17. 551,1 pratel 828, 14
poterit 64, 10. 404,1. 400, 8. 11881118 445,5 prato 811448, 16
447, 4. 501,4 111ιοΙιη,8881.1>181.414,8 1111118ωο40014
1818184008 proelum 4407 1118181011. 17, 5. 0481
1181811111 m, 7. 470, 7. 504, padue 474,] 8511
14. 55017. 5806 proelum 47001 prater 8881818 5505
pou· 180, 7. 104, 5. 015, 01111188 471, 14. 58015 11181818188618 5100
081, 0. ΏΙ, 10 404, 04. prenomen 405, 10 putem 405, 4. m, 15 1111
401, 0. 448, 5. 451, 10. 461, 111ε8ο111 074, 10. 4006 pretereo 405, 7. 450, 17
17.484.14 1118881611 4004. 455, 0. 447,1 1181818111041, 10. 5800
11818118 460, 10 precordiis 071, 0. Β), 1. 080, praetereunte 1104
potent 68, 0. 006, 1. 405, 14. 15 pretereuntium 0400
447. 7. 451, 14. 480, 18. precurrere 501,ss preterit· 4000
4004 praemetet 4708 preteritum m 15
11818118· 450, 6. 564, 10 prud· 100, 4. 044, 10. 088, 10. prauum 460 0
potantem 4608 417, 10 pretextu, 185. 1188185815
1101814011, 17 preda 015, 6. 514,10 prator 404, 17. 4006 5140
poti 1000 1118141811 1600 , pretore 460, 7. 4706. 11011
potietur 000 predantur 554, 10 protorum 470, 16
potionibus 078, 14 paedia 404, 4. 450, 17. 461, 15 pretorius 406, 0
potior 178, 0. 008, 5. 404, 1. 1118681811 444,0 protulerim 557,4

48014. 401,11. 5104 111818111550, 14 *ntulit 0404

potiore 100, 4. 007, 0. 040, 14. 11186111 057, 17 ratum, 8. Proetnn
500, 5. 501,14 11818168161100,7 111818118ι111440,14
1181181811 5008 prugum 88111 011,7 previdisse& 8. ’ ’
11011511 00014. 447,4 pro 181 400, 4. 5405 prandere 408,
ponus 8, 17. 46, 4. 114, 14. pm 81111811 455, 11 panderet 518, 14
0104. 400, 8. 404, 4. 44011861100. 45,4.04,5.110,11111(11848,0
⁴: 488, 11. 56010 0. 186, 7. 100, 1. 045, 15. prum 584, 18
1111111 1111150004. 507,7 04014. 050, 7. 461, 4. 486,11111111450,10
1111111 ,6 4. 50001 11118114708

· potorem 44015 prelii· 40, 10 111111 10, 0. 0501. R, 15

potorum, 11 11861110505 ρη18811511446,7
11818181 tom 464, 14 11181151, 7 , pratis 105, 11. 014, 4. 5145
1181811811500.0 118118814756 1111185101
1181111818 184,7,8 1111811111 4, 5. 044, 5. 068, 10. prm 154, 4. 470, 8. Μ
1511818101, 4 4608. 407 , 5. 400, 01). 400, 150, 15
potunt 1000 0. 540, 8. 554, 0 11111811 5507
potum 561, 6 1111118118 15014. 477, 1 prm 410, 4. 475, 14 5111
1101101181118111545, 11. 4501. Ρ11118111111476, 16 56016

400. 7. 5000. 577,4 1118111811 706 1111110001
pru 5005 1118181518 444,0 111811688111811188181 4011
0101111405, 0. 407,οΊ 111811111406, 17 1111118 444, 0. 4504
1118581111 4004 111881181οω 1101 1111185604
118881819010101.161,111181181818411,6 1118181111 4005
prebentem 547, 6 1118181818 18, 5. 45017 pravum 407, 5
praebere mlo. 50018. 5000 11181818 444,0 1111118454, 0
111116811471,8 1118111111 454, 16 pneumam& 4600
1118581186, 14 preteribo 4005 1188865005
11181181 105, 4. 051, 17. 4501 1111118ῐί111· 4007 1188864602
1111811111 4600 1181811111111145. 1007 1118881111 4005 =
1118881811ιὸ40,11 1118118111 70, 6. 144, 4. 1601. 111888 7, 0. 5010. 804 111
pmoedenubns 481, 4 058, 14. 417, 10. 474, 6. 5. 047, 16. 404, 01. 144
1118886818 584, 0 54010. 574, 01 400, 16. 540, 17. 5501
1188868101 1181881111811111566Λο praeblanda 5804
1111188611 081, 7 presente 567 , 5 111888 muln 518, 4
ρ111881111400,0 presentes 4000 111888 1881186608

 

