VOCABULORUM OMNIUM. ⁰⁰5

1119, 9. 79, 9. 22, 7. 911, 9111019999 422, 17. 429990011111112912

29999 999,9.999,19 9001090999

1111299 9 9111111910181,14.211,1.100010141

111111199912 21921. 294,11.977,.9 994, 90011994

11111111 97919 11. 4797 9919, 21. 947, 14 90001901 11011991, 2

1111114 199, 9 90 01001 991, 9 9001111001 974, 9

1191110999 909999 9001927, 14. 497, 9. 444. 9

1111119299 9299. 994, ⁰ 9001919, 9 499, 9. 4⁰⁰, l 999, 9. 992,

1110119499 90000999, 17. 971, 9 199497

1110011912, 1 9000904179. ⁰⁰⁰,⁰ 90 1101991. 499, 12

0111110 9229 947, 9 90010900971, 4 9 101 999, 9. 4799

0112997919. 2191290000901919 1. 9194 900100, “ .112,1.119,11.

91911, ⁰. 249, 19. 991, 14. 900101101499. 9994 21919. ,19. 99912

⁰⁰4, 7. 999, 1⁰. ⁰⁰1, 12 9001011117419 9001010 994

999, 21. 991, 1⁰. 111. 999, 1⁰ 9001041911 9001010111 977, 14

947,]9. 99919. 429,4.449,900111179,19. 9999 900101122, 1. 479, 21 -

19. 479, 7. ⁰⁰⁰, 7. 999, 19. 9001110499, 19 900100 129, 4. 449, 9. 4499.

988, 17, 411 (1001111101011989, 14 499, 22. 499, 19

MQ⁰ 900111919, 19 9010111012 9 9994

1119029919. 9192 9001111 191, 9. 241, 7, 497, 2. 90010001 999. 127, 9. 499, 9.

111910179, 9 41919 991, 19. 91912. 999, 17

11191019791 11001111, .,9999 90101001 149, 9, 19. 192, 4.

11191199 1 90011172, .,179 19. 94917 49919. 49919. 49911.

11191199, 9. 9499 90011100 1119110 010011 1100· 499, 19. 499, 17. 4691.

1119110991, 4 11004 9 921, 19

11019194. 99919. 41911. 90010 299, 9 900111 24919

97919 90011,00011.179,19. 491, 9. 9001110 997

11100499, 9 4494. 92912 domitor 4799

1110111449 9 90099999. 997, 9. 941, 19 1100110199, l⁰.l

’0101019999 9001101999,9.999,9 9001011291,

1110119799. 997, 9 900901001999, ⁰ 9000 ll, 12.

1111 99, 9. 194, 9. 197, 19. 4009019991 197,.9

9219. 229, 4 900101999, 19

1119001999, 4 9014011192, 9. 971, 19 42,.

111111929, M 9001019999. 99919 90001,

1111014117, 1 9009101219, 19. 929, 29 11. 199,

{vinem 911111111429,9 900100 4992 99914. 991, 17 19914.

1111011191 900101 1111499, 9 12. 419, 9.

1111129 7 419, 19. 912, 19 900101 M, ⁰. 912, 12. 9992. 9010011291, 4

⁰⁰⁰,1⁰⁰⁰⁰,M 992,.1499,9499,19.999,9,.0010019

0101101999, 9 19. 997, 14 9197,

0111019914 9000111291, 19. 991, 9 279, 9.

ivitum, 14 90001997, l 1⁰. 912,

1000219Ν1299419947,901011499,9.499,11.494,7. 449114.

0191004897 90000110100999,9

0111111999. 229, 21. 419, 9. 90111999, 19

419,.18499,9.494,4 9011111799

0199012197. 2497 4429. 9011119291 497, 19

91919 901109000192, 12 12

11011010.11911.111,11.11οο010110,11.100,0 9001177, 19.

4⁰4 7 901εο1114994 494, 14. ⁰⁰⁰, ⁰

11111214, 9. 929, 11 9010011110ιὸ99, 19 90011111 919 4

1111011111.1111,1 9011091999, 1 9001111111 1999

101111, 9. 191, 1. 191,7901111994.92,9 9000914499

28, ⁰. 429, 1942, 9. 442, 9011021199 9001090297

4. 92, 11 9011147914 < 900101979. 11

4101447, 9. 97911 901110112911. 99911 900111 ⁰44, 9. 294, 2. 499, 9.

1110099919. 9797 9091001999, 9 9994

01001 994, 29 9011110 199, 4 9001110949, 99

1011019919 9010 971, 19 90011101 9997

110017, 9299, 19. 947, 11 9010129919. 999194991190011199419

100494 9010119999. 41919. 4⁰⁰.⁰ 9000119994

11111991 9010110 472, 4 90011111 999, 19

1111971919 9010111999, 94294. 4921 9001127, 9. 999, 9. 449, 9.

0301999, 9. 499, 9. 491, 19.ἓοῖ01111019909,.9 921, 19 039, ,9. 49994219. 927,
19 0012191

11111492, 11. 447, 24. 4999901011449, 19 900111494,19.949,9

1110999, 17 9010119111 9001400 01914792

111991. 997,2.991,12.449, 1101010999 219, 14. 442, 14 900110029919

1⁰. 42, 9. 999, 19. 992, 9, 9010104999 949, 19 9001101991, 7

111”9,0110234 9001110222

99

 

