080 INDEX ¹

τ maffia 10010, 6806. 460661, }

7666116 m, 8. 40010. 640, “affl m' ”’ ”” ⁴⁰⁴· ”16”Ξ”16’1”61ὐ’416,14

16 166161604.066,1 1636168067610
161611662οΗ120010 1661611140,6163006,876
16161116697,’,’19.4616 1001601106 tegnam.
1616666648,6.66621.006166161666068.62710 1666006406

1661602901. 0000 1616029016
1611600ῑο86706 antima. 681,19 tammum
016666162019 16611 3011601116οὼ6οΗ61616606607
16162700 1661184000 161661602
1611616106 16616410,12.047,11.072,1 16163661’216,2
66116411,66.160,6.4616 1166666,1.466,’,616ι·..116,7.6.ι.61.404.11
1616160671,2.,47610 6467477461 161631610οη14
161616660016. 41712446 166163106668,6 161631164ηο0

11. 44011. 06016 1661664102 1063160261, 12
161611666011 0616166206 161 63,16661Π 1. 60,0
166666060,’9 1660666427’,12.447,7.,07816116662),6.63.1-616ι
1666606406 04 29⁵, 19. 4406416.ὶῖ
1616661068 166160600,.,,.066616.676616116660046,8
16666160 1106 sam. 6900. 421, 16. 466, 0116116110, 0. 411.6
1666616660,16 7.469,1 1016666,4.78,60,.1.11
1066666016 0616ηά606201οΜ,οΜ, 6169, 16. 200081·
16666197,6 0420114407 ΜᾚΙΗΜΜΒ
16661648 6 antummodo& 8 16161101
10101οΗ2Μ6600 166166271,12.6’97,6 16160606
166116666ομ9674,4.484,1 1660611,1’0.666,12.471,16160616606.11716.611.11·
16611606111,,8.21818 16606νί11100 411,7. 4602010610
166060106210,6 1660161078, 10 1. 67012
0160166606 1001606004 1666611668, 18
1660606672, 10,,16661111166660. 4000 1666666660,Ῑο

14 166016640017. 4201 1606114000
1661166224,4.60,,10.44016.166116641,2 16613618,2.66,6.1οῙ6

49010. 621, 6. 60022 1660666461,4 160,3001622Εο
16616099, 21 166066 6741 160300166016

16616161,0 1666611006 16036001001
mmo 1....1.. 111, 11 116...υο 61
16616611 6....111. 166 7 616, 61 1003313102 60 ¹⁴ ¹2⁸

16061707 1. 464, 10114, 11’ 1,,629161066611
ulem 1610 76316613 6636166607,1’101.9
1616616427,2. 40016. 4801 16636161,61,14 16636016007
16166160 677 18 1663616166617, 12 160 6661166, 0160118
16116906 1661616601 1 0906
1611166602, 9 1661666174,1116163661616014,10
16116, 616166, 16, 11. 6400 16661102, 1. 214, 21. ml? 160 3661661οἰ1116.ἥο
1686162406 166611611616 267, ’10 6. 6106
1616 66616616104612 1666116120, 8180, 11. 271,8 1603661661160106810
16106666, 11. 66012. 682, 2. 1666621016 1666 3660016608, fi
4267 407,2.861,14 ‘Puram' 4866 160300016660166163
1661111,8.10,1.07,’1.,120,2.16611629 14 16ομ1606469,6
604 2 6809. 447,4,1616.166666210,’26.147,4.299,12160366117667,2106
649,,10411’6.160169,,.,,2662710611611111616366117166288
6166666118μὸ 19,.,16422.[1’63666 11661616 00300660067Λ6
111... 011701 0200010010
1606611, 0. 0,Ι. 60, 17. 69, 1613664007 1603116161,11.524.16
6.86,8.169,’12,6111166’ 0066602000 1676307011663612167166
1666166179 0261, 12 toque 61166089 22 6240110604
1666166, moiri, ’,6294 1666160 4769 1661 36163636101661611119*
1666162104 1660666ωο,8 6661666202
1660666016. 07,1.116,16.166161622.141,11.1677.16036660666666,16
169,.,726411..6’01,11’669, 10,.,12919 166Ρο3666μο6ὔ4616
8481880ᾶῦ76 16 1611111106 2661100161ῦὲ
116366 469,0 16610164,.,,.76000.4169066;.,’.5·76747ῧ.16
166361107,’1.,0012 44814 0017 &masma
06362106 1661666, uba. 112, Mel, 01616 97, 6. &mm
1036606107 20014808 160,6,,.4160711
6613116446 ι 1611111,3671.13.10,16 1⁵. 666, 6 4167 6611
166 36606464, 12 1661666901 680, 11
22,6.18812.19111166616 71, 6. 74, 6. 107, 1166630166116606667
,.,.6606 40011 170,,7116.214’,6..272,01666366616666646,6

 

