626 INDEX

61161 16616. 666, 6. 666, 11 611111466, 12 6661616161 lm
611616 2162 61611166 6661161167,14
6116616666 6161111 61616 66616166662
6116142612 61611616 467, 12 6661111 tm. tm
6116, m. 461, 16 616611 266, 12. 642, 4 excitatur 2666
61166616. 77, 11 61661616 672, 11 66611611662, 4. itm
61161416, 14, 16. 641, 17. 667, 61611616 662, 22 excludit im

17. 662, 4. 6666 ethos, 6. 6161 666116611266
111611646, 6. 4166 21111 2666 excludit 661, tl
616661666411 666 61166611261. 4262 666161114666
616611 46611 6111116 666, 16 666161616666. 8612 Μ
6116 6666 611111162 6666114166. ati
6116166616 21161 46, 7. 1161 6161111 2667
6116141616. 66616. 6762 6111 646,1. 661, 16. 6661 excubia 1666
6116 466, 16 2116611666 1266 66611116 total
616111 27614 161ιά661461,4.662,26 6166111111 4666
21161616, 1 6661 126, 6 66661111 466, 14
Erymanthi 66,1 6661616 626, 16 66661161416,1
61 266, 17. 421, 7. 467, 14. 666161 1661 666, 16 66661111 661, 16

466, 22. 666, 6. 66616 616161 161111 16611111 m excutitur 1762
61614666 61111616 2767 66661111 me. Μ
61611 ΜΛ 6161 141, 64 61ς1221,4
...11111111 evolverem m 1111161511·
6161161662 2166116 414,2 ,16
2111611111 461, 4 26661116466 6666611111 67616
2666616762 2616 166, 2. 164, 6. w, l 6661116111 666, 16. 64611
21661116οῆ16 2116116216, 14. 2166 6666661666. W
Esquilini 66611 Europen 1667 exemplo 611 mn
6116 216, 24. 624, 16, ct 61161 26161 67, 4. 264, 6. ἢ, 6. exemptum 261, 17. W

“mutu 66611 66611611 6666
64616 2616111666 6661666161616

6111161,1.111,11111,ι1.1111.ῳ.16111,11 examinanti-⁶⁸4³

6., 12 6161161666 «6616116161 m
6616127616. 6664. 646, 11. 66 667. 6661111161 exercituum. 515

416, 6. 6466 66 16166666 16 6616161666
1161,1...ωι1.1611111,11 01 11111611 1116666661
611616 6666611467,7 66 1666166464 mentm!
611616 66116611476,12 6661616 4666 6616612666
111 pro expedit 446, 6. 4762 66 pute 161446, 16 exigitur 666, 12
611616111611. 11111 aquo 111, 11 1111111111 1611111111, 11
‘immitti‘ 66211. 2611116111
61161611 1661616666 6616111 6662 innoti, 1. 66611
11611161 exaio 1161 uisum m
«1117116614 1616161126.7.2]2,6 0' 6647216
611ιῶιί 611. 6662. 476 7. 6616611667,12 sem. 17

‚ 12 611611661462, 16 661111, mat, 1611. &²

611161666612 6616166 62, 2 2766. w, 16 1111111114· ”⁴2⁵
611 61 1467 66166114666 6661146626
6116. ’ ' ,177, 1. 212, 6. 6616161111 164,6 uilium ”A

686, 6. 6666. 42617. 444, 661611611164,6 uiuet 1664

6. 4666. 66616 66161611666, 26 6462 OQM& &⁴
6116, 6616666611, 666, 6. m, 6616161616 683 111111667611

16 464, 6. 417, 7. 476, 4. 6616111161 466, 16 11161116 4666

1161 1161111161 1111161, 11. 1111161
6116 61161161 416, 12 66166111662, 1. 666, 16 661116 42, 4. 1664
21116 217, 14 6611111161 662, 1 661116 611 m
”iim ’m' “⁵⁹¹⁴ ω’ ω1111171 111 1 11 :fiii'ssig'ililiii 611
111,1,11.,.1.111..,1.1.. ⁸¹⁰⁰ ¹ 11 ' ‘ ' ’ 'uinum '
61 fio 6111.ιῶΙ 66, 6. 116, 4. 166, 3666ῑῶ “iiim l ffiffffz. 866

i ΙΙ v 1

6166111 266, 26. 676, 11. 676, 66111116 616. 416, 11 1601111111ῑῦωῶ

,16. 461,6. 446, 6. 4666 6166111661 me 6661614766
611161 166, 6. 266, 16. 66616. 66661616 662, 6 um· ¹t· “⁸⁰¹¹

646. 12, 16. 666, 11. 646, 6661111661 466 16 66616164666

ι6, 616. 66616616 tem 1111111186. ll
611116 utque 611161 62626 midi 6462) 6666111611616, 14
2116161, 616. 6. 1161111161 66611111 166, 6. 666 7 exponunt 6666
⁶⁸ 5866 66616616 1662 66666111 66616. 47615
61116616 647 ,6 exciperet 461, 11 6166666611
Iti-ndu 646, 12 616161161476,2

 

