VOCABULORUM OMNIUM. 887

83181311 m 111111111111411 *1318881311
,14 145151358, 34 141154181, 4. 333, 18
4555544115181,11.111,15145154414, 17 1511451488, 8. 474, 11
1114551451 3338 tenuabitur 4338 , 141145415 3531
1444485,3.1111,1.17318.14444141583 151141545318
,.8 333, 11. 381, 5. 338, 14544145488, 18 1411441114454, 18
34.434,.,.ζ.;,745384781351514554151343 1411411335. 333. 35318.
5.538,3.,,,55333.5881311444443188 378,8.515,33.5411,8
4514444141114581,8 101111⁰⁸⁰⁰⁰,’⁰.⁰1⁰⁰⁸² m 1411145848 1,8. 11, 84ηέὲὲ
ΞωραὲέἓῖοώΓ 411415 153, 3 .,ξῖ48ιῖζ40351814383 455, ἐξ, 325244113846547, 3. 558,
151
14481111, 4538 1454114533 7 tenorem 181, 8
4181144343 1455144835. 433, 17. 588,,14.14115154588 31
448144158, 8 578, 1 1411511154548 5
45855144151,11 14541444183, 14 14115115, 7. 8, 1. 3131
14484145, 1. 83, 3. 33331445111338 1411144834
485, 18 14414138, 3. 4733 141115 3538
4481144384, 4 1554451588 8 1418443331
14181478,4.133,15.158,1.1414,1441143 1418543835
3113135133 145414511431, 11 1441144533, 13
41811118, 7. 337, 8. 318, 3141141351, 14 14454514,5.1441514
487,.4 588, 14. 5333 14518441833 14414 534. 18318. 318, 3.
448451553, 31 155185 413 8 48313
454434 1451855345 3 14414 144444 44144511 5851415
4-45, 3837 tepidus 5338 481, 3
’4444547313 14135135818113813581441144378
45444434,4 1337.157,13,13,14.138,1541415451444414833
4144515833. 583, 14 3. 187, 3. ⁰⁰⁰, ⁰. 334,18.1441444451544713
4544114, 5835 373, 837311. 331, 13383, 1441441551511445, 18
’5541414533 3. 331, 5. 5337. 473, 7 1441454838
41411118, 18 14115 584, 18 15414154 88, 3
3441518331. 38313. 51317 141· 41 quater 73, 3 14414 5134
5541114334, 3. 34338 141 quaterque 453, 3) 1114144334, 11
444511318. 1537 141544154438, 18 1441141113, 17. 333, 18. 388, 7.
414414188, 5. 3738 ’1414511333 8 381, 4
4545144 518 4 7111451154 537 8 144158154384, 11
4545333141 141414154318 1441181514Ἁ8, 13. 587, 4
4415185115 4338 151444 541514584448813 1441485758 181, 8
eaeor 5184141151 1114144 ,.4 181, 5 1414118313
15511835 33318 1414114, 338, 18 1414111154347,.1 3538
4441448315 1411451151435 tetigere 187, 4
mru4.⁰.⁰.,⁰4⁰⁰⁰l.,⁰l⁰tergere⁰⁰4⁰ 14144433355ω85 ⁰
5 151181851543314111143838443148
mmm 4387 14114 333, 18. 353, 3
1441514435,714135145151481,18 7411415144 341, 3
555141513, 13 14111374] 74454119, 11. 33, 18 3138
454414734. 5334 1451413181, 8 74551538, 8. 514. 333, 3
5114114 324, 18. 5737 1411544388 3 3445145435, 8
44415171, 3 353, 7 Terminalibus 378 3 1444141584
454154 347, 18. 358, 31 terminos -‚1⁰⁰ 7 1411414 513, 17
4541414141. 33317. 543,8141511541554,11 141114 3833
1454 311, 3 1415115511 15313. 38313 1411514 538, 13
45413314. 18318. 111,5.141141111411,1 1141455333
348, 8. 351, 14. 383, 8. 313, 141454137, 3 Thalia m. 1⁰
⁰. 3731. 418,11.533,8.14114 53115318.1834714114151435
531, 18 341, 1'1. 383, 8. 385, 17. 714455151847445441
4441545318 381, 5 11144114 547,
4514381, ⁰. 388,.7 3834 1111455751.38515.,3871311,11144111481,1. 138 7 381, 1.
4414151834 8.,.,338848813.583,.3 53311
4111451451 51811 583111 1144115511. 538,1. 557,7
45144141 488, 18 14114 nanque 5158 7141533311
551414384,1.553,13 14114135. 8331333. 143,’1’1414114443,,3.5873
4514114, 38 3 8. 487, 8 ’1114111454 4838
4514444 85, 3 141141 gravi· 441144 58338 ’114114155151714
4111411533. 17335314 141144113, 3. 181, 5. 1⁰⁰⁰. 71414413]
5414145831 38383358373145337145144-1711 548,.,85738
4514141183, 3 8 ’71455455 84414 535 3
45141411 338 8 15π414441111411115 335, 8 114444114384, ⁰
145144114313. 54313. 57331411114413, 3. 33,5.184,11.111544115443,8
41144153334 481,.5 55313 3144443431

 

