VOCABULORUM OMNIUM. 695

1110 47, 7. 1848 11111111 5244 1114111841

1111 187, 12 1111111 58, 2. 4648 1141115546

11111 4241 11110 6, 5. 5145 11411 214, 5. 2846. 257, 11.
11111188, 2. 488, 15 1111101110,1. 486, 17 288, 0

111111 1026 ulnarum 278, 6 1141 84416. 68, 2. 88, 1, ef
110101188, 18 1111258, 6. 271, 10. 278, 4 alibi

11111122418 11114641 11401140846, 8

1110011309, 18 1111111188, 4. 187, 4. 858, 8. 11441111104847
5101014128 8741. 5141. 620, 6 11140 4011104847

1110 202, 2 ultimi 42, 5 unde 11151 lapidem 468, 2
111111,110111.486,6 1111111128, 8 1141101808,.6 58414
111111, 0115. 828, 27. 848, 4111111111565 11410010811420, 17
857,4.527,6 1111111444 11141 118 ,4 42, 1. 70, L
1111114742 1111110181, 12 ,6 281, 4 827, 17. 888,
mumma49118ultimum16ffl.26411 108871887184208.
558, 21 1111011412. 580 8 4218. 48412. 5548 .
111746 121111117100101111 114116,.1667,.1185,6.827,
856,,2.4778.620,2 1111154,1,.,06681224. 7.471,.,64786.517,11
11111845. 56415 188,.8 188, 7, 16. 210, 7. 1111042025

11044412. 464,2,,122.481 2648. 828, 6. 8848 886, 1111155418

14 1. 424, 5. 472,.2 688, 21 1101115245

1111141466, 12, 47414 ultraquam 2528 1111401874, 4

11111115644 111111(Ι quam 11111 011 488, 4. 1011018646. 416,l8.681,6
1011118246 48415 11310111842. 10142
1111182414. 44415 ultro 28418. 851, 5. 866,5.1111110111111114274
1010501οό046. 6141 876, 5. 8,98 14. 488, 8. 444, 111011111887 68415
110111747. 402,1.454,.16 644721745866068111111180454855 66418.
456,10488,4.,48817. 648,.,45568 58412

482,.8 60465041, 5.111,1118752 1111111111..,.,2171858016
5214417644 6115155847 1141151117,8.142,.8278,17.
1010 nee 11011 1110 1111110111111488, 8 846 6 87415

ml 1111111011 878, 18 1111111287, 8. 82418
101110010561,4 01]110110,5.101,1.1040114111. 85, 8. 848 466, 10.
1010118541 481, 10. 484, 11 41418. 488,.7 5648
10111858 2 558, 12 111 ,1111111424 14. 425 6 478, 211100 61 4

ves 114, 7. 501, 10. 564, 15. 11111101 4482 1110111888

51418 0115114847 11100187, 8

10185, 2. 444, 5 11561011284, 8 - 111011411885 5

1111112841 1115111411. 441. 74,4.10111248,2.867,12
1111118842 242,11. 27417. 486, 4.11104416.111,1.117,8.284
11150415 61412. 55418 15. 884416 418,8. 447,
11181410. 8441855,11.11151111128,6.8811 8 47616 68410. 5848.
481, 8517, 6. 6425 1115111187, 10. 558, 16 641, 7. 558, 12

1110412, 11 1115111172μῦ 21415. 8648 11111111441846 271,12.
1111148410 umbras, 1110111111, 468, 18 , · .
11101182, 8 6151011412, 8

14101117414. 4888 111511148414

10, 0111.170,27.178,2.1115101111148,8

56142 , 1111510111 18 6. 80, 8

vorum 881, 4 {lundunam 21

1018845

11111445. 588, 18

1111112648. 247,8. 8042 16. 48418. 562, 6. 6648 1111111111111111665,8.’ ’
45418 114 218, 14. 400, 4. 416, 8. 1111111,1.1.1011111452, 18
1186,.768,18.86,.1882,.5 424,15.452,.8464855471111111104111101116641
868,10. 8646. 4842. 456, 111110156415 unum 11011110 16

8. 46411 11011688, 47 11111161 61,.6 2841. 85416.
10102448 11011808. 27416 458,.5 85888740. 8844881,
xeriu81,6 508, 16 4. 4155. 41415. 48416.
11210,8.,.,220886410 1101154048 481,7488,15

11110828, 16. 882, 7. 867, 1111011118, 1’. 8847 11101401411,1.110,1.
10.,401,8.5011 1110160827810 4415 5641

111111478, 10 515, 6 5841 1111101 14011560, 13

xit 164, 5. 418, 7. 456, 6. 1111011111 61816 1111118044

51411 111010 447, 10 100151128410

100116147 1101011856 100151114815 65417. 567,
10011187214. 52416 1111011111 447, 18. 51418. 588, 17

[0010101642 18 1001111805

1111104 127, 8. 8848. 454, 1101181, 8 1001111844 6
18. 52416 111111 81, 11. 104, 2. 106, 4100114042115

61115444 126,.2 144, 8. ’160416141001111762 1748
1114245 4. 5546 1001101706

 

