663 INDEX

418,,34473 34444411337,,8.38113 444111,413,13.34113
7133137 77,,7777777 Ι’37373373,1373187333
441444181, 3434,3 1 4411413734
4414431,3.148,8.141,,.4341144 4114111111 411111 844441141431144333μ4 353,5

177,13. 333,3. 331, 13 133 3 44144137,11. 313,15
44144333,33.333,31 44144413,13.33,.13134,3.441441411333,8
41144141781213 88,.μ134381473,3.,43314144411,344813
4444141183 4414147, 13133 3 333, 14.11333.3.431,11
4414834387 3437. 37414373,8.383,444144418,13

' 4414414337,,.,18.3333331311144,4444388
441414331,13.431,11 3414111338 331,8444114414338,7

41411134 Ρι141114443,7. 341,11. 884444114483,1

414111337 13 44344183
441414, 4413313 3 3113411483 3 383 3 334, 4144114141 357, 13
441414131, 3. 437,8 33 4444441131,1
4414131883 Ριτ4114133,.,31338 444413,3.8,18.3,3.13,3
441414133,.1 343, 13. 413, 3.,Ρ4141144143 4337,8 ,

434,3 8141441337 ,

44144341, 3 44141344 83, 3. 334, 12 413,
441444773 43713. 48, 14. 13

483,13.,3337 4114144141443,1.,,3744333
4414314437, 3 441414,1113144114.448, 3
44141417,1. 383. 333, 3.4414144447,3

38, 13. 83, 14 4413441333,3
4414141344. 183,7383,3 4414433833

441441,41141“41’4.444144431,441441141373,3

44134444 4143134 . pmmssrmpmfl 448344448413
441444, 4 413, 13 4414144141 334,3 4444144 iumen 44114 ⁴⁵3¹
4414144, 4337 3 431, 3 4484114133 337,3 333, 13
4414441433 3 18311 44144114441441414373,3 44441481 733. 373 3
Qu? ι pm m 11411η1113368131833,12133,1.411ῗ111.3341;,87,17
1’3111131733 ¹⁰ ²⁸⁰ ,3111731133 ¹⁸ 48313 777, 77
4414441414171, 13. 237, 3 1141113337. 331, 3. w 44441141444385, 3
4414441133, 11. 131, 3. 14334 41114138, 3. 133,.3 433, 3414411131, xm, 33814
313,31,4.331 433,13. 334113. 343,7.44441411333,33434.1.6171
4414434483 3 33413 17
4414444147,,3.144,3.1731 44144134, 3. 71,.3 133,3.,44441443313 333,4
44141441383,3 333 7 334, 14. 83, 3.
4414143433 33331338413333,
4414144 11733 44114133, 3. 218, 8. 333,
44144,.4441347,13 433,1.411,1..434,8 33,,.14441111443337337,3
411444338848 1338,1..33331388 8844444173,,3.4343
13388 44413,138,3.133,3Ι,
44144, 4441444341, 3. 48, 13 41114 114441 343 4 13. 34313. 313, 8. 31114
44114813 4411442312. 431,11 44341133,13.178, 13. ³8.
44114343,.1 41113 441141131, 1. 84, 3 13. 343,4. 4481
4118414411411414373, 11 4411111438, 13. 313, 14. 333, 44414448, 11. 18, 8. 31, 48,
411111413317. 477,3 13 3. 4433. 37818
441144 13, 4. 313, 11. 4131441144 313, 4. 48313. 343,444111114111434,18. mu
333, 4 3. 333, 17 4141411411 318 14. 373, 13
Ρ411448 3 44114111 41114144444434, 13 44414441458,13.313,13
3411441133, 13 44114111 41144144 333,7 44414434434, 11
'Pnisfflo 44114 41141,.,337343331,3.3434441414113,4
4411411181 11. 431113. 334, 3411, 3. 37444 4441444333
13. 333, 17. 384, 4 4414443123 314,.4 317,13 4411144143
Ρ411444111483, 14 4414411111 373, 13 44411443431. 4341313
44111414,137 3 4414414313, 7. 413, 13. 331 ,34441444313,3
4414411331, 3. 434, 13 4444413133 331, 14 4441441433
1411413113 441414 334 3, 4434444183. 333, 13
411111141343,8 44441331, 3 44414 33,14. 38, 8. m-
441114114318,3 444414338, 13 337,3. 338, 5. 441141
4411 133, 3. 337, 7. 331, 3.414414413413,.3 483,11 373, 3, 3, 13, 31. ΕΛ
338, 13. 88, 3. 31183 1113, 44444433,8 3331. 333, 13
7. 371, 18. 3333. 4834 4414111333, 13 4441441 13.11
4411 11οωί1411423, 31. 433, 3441441113313. 3384 4111111614. 335, 3. 3334-
47414 4414411473,4 33811. 341,8

44111111111111418,13. 333, 13 4141431434, 3 441111 131, 7. 198, 5. 38, 13
41111 multu 433, 3 44411341, 3 344113. 431,11

111. 41177771 114 4

,3164441414441138 3337, 83457

 

