68 INDEX

8811180106 8818818870,2,10. 4708. 486,88181428,6. 4844
888188016. 1010. 27,1. 1002 8 8888818881406,10
88811881010. 6706 88188188 88188 686, 10 1818881 401, 2. 472, 18
1881 110, 0. 870,10. 884, 2. 8811888 80, 2. 800, 0. 880, 11. 881888 120, 0. 6804

880, 10. 6206 44011. 467,16 Centaurum
88818 m. 7. 480, 6. 4408 88188118 6000 08811181 ffi. 18
88818, plur. 410, 16. 40018 8811818480, 18. 404,17 0811188118 Dm
1181811811 621, 10 68418 474, 10 oenten- 841, 6
1818118 40, 11 88111118 206 8811188918 681188 1061
8818181708. 48014 881188 462, 8. 641,4 8811188818ομ 186, 6. 18.
88188810011 1811118 100, 8. 8708 17
88181811 808,10 881118 116, 2. 447,16,21. 610, 8811811 m 1 1801117611.
8818188106 ma. 417,10 11. 60014 6700 18011. 2106. ‘mm
8818118118Ὲο, 8 1181111404, 4 2. 0808 80017. mu
8418111880 8 188, 20. 460, 16 8818846018 417,]2. 4101. 461148,
1818818288 8 640, 14 081804 2 040 8 10. 686. 4. 7· &A
181881882011.107,10.100,2.188111818100,2. 283, 12. 607, centonomium

040, 08000 10 0881181886Β4,Ῑ
8816811888 806, 10 18811111 a 88118 170,1 centurionibus 871, 1
08114404 8880118818181,18. 600 8 1891888668 8
08118 887,8 1181181888 80010 8891881418, 0 ’
08118818 417,8 1881111208, 4. 888, 10 88911420, 10. 644, 4 9
cuniam 08888 181268 4 8888446, 18. 401, 0 ,
88111118 441,2 08881918 018 8888118 026, 14 .
1800818846,11 118481 100, 4. 880 2 cethem 14018. 1821!
1101184613 88118111 8118189188660, 4 8888884, 0. 880,1,8. SM
8811814007, 441,4 1114862411 oeten 806, 18
88118188 8700 cedentem 40018 8888681882, 0
0911984847 1811818104. 177, 10 cerebro 186 8
08188811 628 12 88488814006 67010 8888688818 860, 8
081811018990, 19 1848808, 0, 8 88886888 418, 6
0811118 81,14. 000. 100,7.884812116,16. 806, 17 081888801010. 008, 16. ὃ.

00010. 333 9 599, 1, 567, 91848118 18188412, 10 16 ,
8111111843 8841181, 0 0888818160 7 408. 6
08111011861. 198, 10 8848068010 Cem887.1.611.15
811919949919 1811111440, 10 888818 08811 18 vitiu-8788 ,
Catullum 399, 9 celabitur 486, 10 8888118 661, 6 9
18111826,0.186,7. 6888 0061ῑί14004 081116886017
8811999411 399 4 881888 448 0 460, 01 088118, 80818118
0818889994,1,994,19 8811188080 8881818 887,7
8811484006 88181160,10.068,10. 6167 881118842, 2
1811118468, 16. 68019 8116180408 8888118481, 8 z
8814881480. 88011 celeberrimum. 10 8881881, 2. 86, 2 181, m ,
nudum 61811616, 18 881868888 18 4 20, 4. 681, 0 0. 868, 7. 480, 11, 12. W ’
881887, 0. 176, 0. 28110618. celebret 407 11 888061118444, 4

616,8. 698,18 447, 9 686, celebris 120, 7 8881811812, ll

9 994 9 881811 160, 2. 610, 14 88118881 9888118104
8818860110 1181811001.108,7.180,2.88818118111891148ι681,1
88181810706 420, 8 8881811118486, 7
8818884007 18181811 80, 4. 107,1.122,08811881188ὔ78. 601, 14
1818618 460, 10 241, 8. 682, 12 8811818118 primun 6Β, 18
88181811000 1818188 80, 8. 88, 2. 40, 118881888418, 16
881818177,10 182, 8. 100, 0. 2001824018818816008
mfflae 1Μ,ω emmam
8818111164, 14 1181881806 8881811088οθ, 0
oui· 1494 187 9 698. 6 881818017,4670,88811888,110 6 006 8 {68
88111419, 8. 994, 13 88181880, 21 488,14.628,14.601, 18
99919 439, 9 88118406, 0 681188 6988188 40, 4
8811811847, 19. 499, 99 18111886,0,678,7 8881812,6.106,1
88111618487, 19 881811110μο 1606 8881808860, 4
ono 656, 8 08188 49014 881181967018
8819188000 08616800 ’ 88818 100 8 888, 3. 4191
88191888 0086 618, 0 0818840014 601, 16
8819181888δο 6 8818184 8111182001 8888818886οω
1819181618 868, 8 08181842 2,10 8881818000
8818806, 11. 447μο 870, 08. 188886861016 88808206

390 9 1818884870. 6540 cottiarum
18181688, 10 8818814778 40010. 4000888118886186868
18888888866, 10 6104 88808872, 2. 487, 4. 5111
2:888 1. ... . 8888 ¹¹

610, 4 88181818 660, 11 8881118410, 16

 

