660 INDEX

6111111146,11 661166111111496,9 6961186661. 46216. aaa
6116 42626. 44616. 466,6 6616166696, 6. 468,2 6966
6111666, 4. 866, 6 ,96616 omnis 14,2.111,16 129, 26996111ηῶ6, 6
6116111464,1.467,9177,1 221, 9. 22816 266, 69911161481, 4 3
6116648616 18. 299,8.,.6486669,.94691411695.646,16566,8
611111 26, 6 116,.4 181, 16. 4148 492,7.616,1,1161161“ ί16868
261, 9. 247, 1. 276, 14. 294, 661111686611161471, 1 op 9111128
1.126,6.142,11.141,.1 661616169614. 27619. 218,699Ρ1(111169,11.214,7
666, 6. 667, 6. 666, 8. 667, 16 0911114161 426,4
6. 6764, 11. 671, 16. 677, onerantibus 688, 4 oppidulo ³5⁵. 6
7. 416,1. 429, 6. 464, 466111662616 oppidum 277,6
482, 16. 668,21.669,19.671, 66111672, 14 69961111 27 2, 6
9. 6867 oneret 186, 22 opponite 412, 12
61116111 6266 6611116466 oppono 686. 16
6111126614 onus 26, 2. 672, 7. 986,1.69961111128,4.211,1.447.2
611111 76, 4. 699, 2. 4469. 429, 2. 486, 4. 697, 12.69911111490,6
614,4 6269 69911111111466, 4
61111111166 6611111284, 1 699191161422, 1
61111911266 onusto 62611 69 9111116111δῖ8, 26
61116 674. 4. 469, 6. 4464 onustos 67261161 6111 119111 op· Ρ161111166621. 499, 8. 616,
6111616226 1161111161 ’,646 11
6111144611 6161116499, 6 ο 1661111 46, 4. 491, 12613,
6161111111 217, 7. 226, 16 6111111111 496, 6 1
61611611628,4 6111126616 69 9168116671, 12
61111627, 21. 676, 6. 461,1. 6916116147 6999681161 121, 4. ff. 17-
411, 8. 46616. 4861. 618, 6916116166 2
146162 668, 26 69166161, 11 6 9,11111672 4
61116611466,6 , 6911616.226,14 6981166286
0196964764 6911114928 69111647 29. 467, 164761.
01 1119166161, 6 6111111642,16.688,7 6969
Olympo 16119 opem 7111116914 69111696, 7, 9, 19. 4611.
0191119616 64, 2 69111,116111.11119 462 4 474, 6. 61614, 1111
6111116166 69111,61111.667,6 6911666868
omno 444, 17 691111 447,16 0911111 246, 19
omen 911,6 69111161111111111116166796 69916626619
6111611846 opem retium 1116646. 449,69111479,19
66161811266, 16 6. 66 6911111111,1.416,1.111.1
6611114767 operm 1616116689, 21 optime. vocat. 266, 4. m&
661111148616. 48618 operum 9111111628, 16 614,6
61111111 444, 6. 4966 691111118619. 4792 optimum 6967
61611111 666, 12 69111684, 211 6911111111 64612. 61666665.
6161111218,6.626,26 6911116166 4962 6662 18. 6661467611. Ν
omno 6, 6. 148, 2. 166, 12. 671, 8 6911166662
162, 16. 169, 4. 186, 126911611227, 14 6916 6666
19619.196,9.296,1.232,69116116186,2 6961161144, 7
19. 2661. 266, 6. 277, 61 operosiora 1666 opulentet 614 4
296, 16. 811, 6. 661, 1. 694, 6911114862 696116661294, 8
6,.616 6911164162 09 61111ε62, 19
66611111191111611116 684,6 6911161111, 7. 666, Β opus 18, 6. 99, 4. 8114
omne 66611466, 11 6911116616, 12 6166666961625.
6161627612469116691869116111661611166814 2. 4264. 471, 11. 932²
1611616116...81.111,19.1111111,6.116,.1181,1.496,6.166,11.516,1111
16 64276862 , 19.,66711
6111111121,1.66,2 666. 84,6911611116111111111111111948 691111116611. m& fl
69614.194,11.116,1,6691111111116116411,19 14. 688, 6, 6. 697, 1, 466
248,4271,6.,277,162896911126.9 lm 218, 6. 184622
6 62819 6442. 66117 266,.7464,4.482,.1166169611116271
662,.1 6669. 66619. 671, 11. 62212. 627,11.666,22.691111611483, 14. 6666
967619 416124901 67444826 61122,“.2.276,7 274426
6767 6918111166, 6. 667, 16 2. 66611. 4964. &A
6111111966. 2664 6464. 671,(19111111161191114114 647, 4. 6862
11. 67616. 6866 91111 214 6. 6467 6116169611, lens
611161 91111664, 4 691111128619 orabamus
61611111 91111 butum 61111111696116 161 611611 461, 9. 461,6
166, 6 69116111 72, 9 6118644612 6964
66111111,.18 46,.1 2662 628, 6911611461, 8. 4868 6111616 1767. 6127
12681, 8. 668, 14. 641, 6 0911111111 421 17 6111662619
6826. 4661. 4461 466,69111111111646,6 611186,12166,6.ῢ6,14
ll 47612 6911161264,16 6111722
omnibus 126, 2. 169, 4. 266, 6911161646, 14. 6762. 617,18.61111114Έ,12.668,4
16. 6461. 676, 6. 461, 16. 662, 6 61814766
afim 1191166619. 4167 orben 64, 1. 69619. 6714

 

