011 INDEX

10011101 001 10010110,11.100,1 10111180. 1100
1001111001. 070,18 1110011101 170, 10 1011111700
flebiliter um fenore w, 4. 111, 11. 088,1011111081,10.811,10.171,
1001100,Ιο , 17 0. 01010. 000, 0
00011 11,8. 8000 1011001001οω111801,18 (mmm. 1000
1000 81, 15 11111100 10110001. 110, 1. md. 11,
1001010 170, 1. m 1111111010. 100, 10 11. 111, 8. 1001118111,
10011 071, 10 1011111177, 1 110, 0. 11011. 11018.
0001111101 101111000.111,8.101,.1 17.’007,0081,,1111Ε
1010011100,0.08,11 1101. 101,11, 18,11.10110,1οι891,0.88,11
0010101011 01018. 007,0 turdum. 0. 11001111
1010 1100. 08,11 10111011101, 8 110, 1. 8011
1011701 fomentum, 17. 18,0. 1001011018, 0. um. 22
0010101178, 10 01001 118, 8. 87011. 11111,
001010118, 11 10111801. 11011. 011, 11. um
00111101, 11 01010. 0800 1011110011. 808. m
11010,.,101 0. 001, 11 10010 170 0 000, 11 1801011100
1010 0,,117 11. 110, 10 11110ιεί11180 forth 11011
1101011007, 8 1011011 111, 7 10111001 118, 0
1010110 1101110700 1011011001. 111, 10 101110110010 ,
001010, 0. 88 170,11.1001100101,.010010011,8101111107811. 101

111,17.180,11.010,0 10100110817,1 100, 0. 118 7 180118,
10001801 1017111800 0118, 11. 108, 10. ’,Ἀ ,
1000011107,100,1.110,1.10111111107,1.80,10 108, 18. 10010011

um 1οη1111001100070,1 080,1,8.0001
0011111111, 1 10111 180, 11. 1011 1081171188, 10
0011001 101010. jum 880, 8 fortiter 10, 2 11000100
10111001 10101000. 80, 10. 110,1.10111010148,0
11000118,.7 07,0..18,7 18,0110,10.001,0 (mmmmm

110, 0 80, 0. 80, 1. 000, 10101101 0700 101101111180,1

100010 forensium& 10110118, 4. 71, 10. 718
11011118ομ1 111, 10 10111170, 10. 1901 80,Ιο 1000. ”Aust
11011011 87,0 1111011001. 110, 01. 81, 10. 1815830271
1100017010 101010ομ1 100,1.101,111,,11811.18,8.Ἀ.
1001010011 1.,’,’,.1011.1011.1101 1801011081107011
0101018000 0101001110μο fortunam 101,10. 171.ἱ 1
0111011, 10 1011011111,1,180,.8 18, 11 10080001, 0808
0111110148, 10 soris 100, 1. 101, 8 1001011111οΙ um. M.
0111010100 10111100,8.18,10110 18,11. 071, 10
011100 101, 0. 111, 1. 81, 18. 10101οι1100, 11 101-1011110ιο8, 10

81, 11. 87010. 110, 01010110,11.110,ιο 001, 010111111180,11

18,8, 0001 101-11101181, 1. 180 0 0111001083
1111111 101. 700. 000. 111, 1011110088 8 1011001088,1

11, 101, 8. 817, 10. 007,10.1011111007010 1011011011 007, 10

000, 11 somn 77,1. 1100 1011101110 mo
0111100117,1.817,1. 0000 1011011101 101111110111008, 10
0111111101,1.110,0 1011111011, 10, 08,Ιο fortunis 0701
fluminum 808 1011010008 101111 ffl, 7. 80, 7. 1181
01011 101,1 1011111011 171, 0. 1808, mm. 011.
01111101, 8. 101,1 1011111110 10011 18. 08,7
011101 110,8,11 formio· 81011 10111 117,1
numum formidare 88, 1. 01018 1011011870,Ιο
11101700. 800 101-1110110801 101101181
1001111107 101-1101110500 10 1010011 010 11. 001, 1
10011008] 1011101111170, 1 11011107, 8. 19011111
1000100 10111101000 107,1
1001111001 10101011.000,1.107,.0 010,11001110,1.105,0
10011 110 0 14. 011, 1. 0008 110010 01011
1001001 100, 0 formido, 1011. 878, 1 1010101 81
110110117ομ0 88, 0. 111, formido, 0000. 080, 10 0101111008. ms

11. 111, 0 formidolosum. 14 0001808
11001100 11011 100110010011180,0 0001100111
11101001 180, 0 sormi· 101, 0 11011111, 1. m. 17. m. 10
1011111001. m 1001011110, 1. 0011 18, 11
1110010 011, 10 10110101117,10.1001 frenum 001, 11, 18
1100010 1008 101-11111110, 10 111311011100101,0
1111111100, 0 7011100818, 7, 0 01311181, 8. 101, 1
1100010, 18. 087, 1 10111108, 10 1113011100, 10
1110010 111, 1 som 101,1.18,10.111,1.1η31111110101111811
1110111181, 10 1901 1111311080
1110101110,1.101,8 fon 8181. 170,11.100,10.11113118,11, 18,Ιο
11111111 80, 7 119, 0 111131111119, 10

 

