516 INDEX

0110110πο 101, 8. 5904. m, 5 0001111101 101 0050110118), 11
0111011010. 5001 0101115101. 454, 11. 455, 0005001011 510, 11
0000100111οο, 15 489, 5. 48015. 501, 1. 585, 0050111 Μ, 11
01101110 955, 90 10 0050101145, 4
011000195090. 4810 010111 1105114005 0015116705
011011111011110. 1501 01110151ον11 5100 0011 551, 14
0110110111 591, 18 00101511 5108 0011 &a
0111014909. 5515 0111010011 415, 14 0010011010
01111501 198, 1 010010 918, 9. 455, 8. 40011 00105101191, 8
01000181, 1. 905, 4 00111111 584, 5, 8. 451, 15. 495, Colchicis 910, 2 ⁸⁰⁸, Β
olum 51115 1010111 001011110011
0110111105, 10 0101100101 4815 00101101,0.1010501
0110111 9001 00111101 5419 (10101101 145, 5. 5108
01101111 185, 91. 509, 5. 550, 15 0110111101 5501. 405, 4 00100111 508, 1
01111014505 0001011501405,9 00111001
01101101 580, 9. 5151, 9. 5111, 1. 0110110 554, 15. 4801 00111 191,8

406. θ 0101111011 458, 9. 5508 0011181, 4
Clazomeni· 515, 5 0011111, 0015. 4905 00111119, 10. 400, 10
0101110111 185. 95 0101111, 491, 5. 558, 95 001111115010
0110111955, 15. 490, 8. 55019 01111101 5900 0015015805
011οι110 158, 5 0110011 491, 11 00111011οω 5111, 91
0110010111 481,1 011001 594, 15 0111101019
01100010 mis 1111. 1010 nouat· 1001 111111 10,
clientium 1508. 141,11 mmmm, 19 14 1
0110111001 1804 0000111491,1.551,14 0011011101 5106
Clima ...0110011111011110 oouoemssm
0111οΙ111 509, 1. 501 , 8 010111 585, 11 0011031 m, 15
0111015111, 10 011ρί1584, 8. 459, 9. m. 15. 0011031111 55015
0111001 991, 18 510111. 54019. 545,14.00110311550,5
01010111 498, 5 544, 10. 559, 95. 505, 1. 0011031110 9,1
01000401, 14 510, 8 00110311 505, 0
010101 551,9 00510011 9809 001101 59, 5. 955, 10. Ν
clunibus 458, lo 00111001 91, 5. 149, 5. 548, 8 481, 9
clusinis 511,9 000001 140, 4. 544, 95. 518, 5. 001115011101540, 8
10101001 111, 11 murum 11111. 10111
0101100 ..0100111111 0011111011, 110111
1101111οι108, 18 010101 159, 4 0015355008
0011101911, 5 00311 5405 00111311 459, 19. 515, 15
0⁰⁸ 462. 15 0031114908 0001001500
9010191911. 14 00301001 551, 19 0011111411, 8
eoactum, 1. 5502 00300111110101.10111001101110 11011110
⁰⁰⁸ 2⁵5, ¹2 0030111 591, 19 0011001111 505, 10
0000011 5004 0030151015 0011011010 m, 11
00000101 550, 1, 5 00301 5909 0011011915,11. m. 9. 515. ¹
⁰⁰00⁰ 4⁵⁵‚4 0031411, 10. 551, 10 collyri· 5005
119191191439. 15 0031010118, 14 001001 190, 5
⁰⁰⁰¹⁰ ⁴⁰⁴» 7· 495. ⁸ 00311 1701. 189, 18. 500 100010110104, 5
0101111 lm 101110 0010101010
9091911955 00311 pro colligit 588, 15 0010001 80, 4. Μ, 10
110101 561. ¹2 0031011011. 0111 00100100 0011
00101486. ll 003110111015 00101501. 94, 5. w, 19 2⁵⁶
malebam?- 1⁷⁶. 11 003111. 10101111 101011. 10111 m
0111101101 m. 1. w, 11 00311111 585, 1 519. 10
0010111000011 0300011111 00101000,1101.10
00100111 1815. 4809 0030110100 551, 15 0010101180, 4. 41100. 51051.
0101115011, 1. 588, 0. 455, 5 00301101598, 14. 455, 11 588, 14
emmam ,11111 0010011110 0010111110
0010901.1 0 0000. 11111010 11100101101111. 11111
00100050 ,1010 0010001011
“dnum 99015 0030011100 5509 001051014019
01010105. 100, 4. 111,9. 158, 0030010010 549,0 00101151, 999, 4

4. 185, 19. 905, l. 945, 9. 00 118, 9 0010115111 955, 19

914, 8. 911. 5. 9001. 501, 00 0110111101 4409 00Ιο01511 800

19· 998. 9· 439. 7 005010144015 00101051 499, 18
mlum 81 93· 121 9’ lm» 8100919θωῖ ¹⁴⁴38 columbi„ 439, ¹²

²⁷9» ⁸· 999, 1. 49010. 500, 0011111011 805. 10011. 450, 1 0010111511 00

³· ⁶¹1. ¹· , 0011150100 550, 15 0010111011 154, 8
0111001 000 nmmum 0011010011500111940,9 00Ιο01011 585, 15

504, 4 00515010 1811, 19 0010010111 80, 19
0001110111 551, 8 0051110109 0010111111 151, 4 500, 10
0000111111 4900 00501111, 14. 149, 8. 501, 1. 0010015501
coemptus 08, 8 489. l 00101 59, 8. lm. 1

 

