VOCABULORUM OMNIUM.

1111111155871, 18 85815. 85122. 880,1. 480, 874, 1. 427, 0. 481, . ,
aa& {8}ss 2. 880, 11. 451, 7. nge 4148191 31652112 ἓῃ488,53ὶ 4895, 18. 490, 1.
1511155 81, 10. 288, 5. 516,8 5111151115111511280,,5 5151151087
151111521525. 4725 511115111111111551549, 10 manebo 485,2
11111111111711311 θ’ w fflss ’138111111111111181110 ssfflffi’ff'na 5141
anagni 25, 4. 88, 0. 287, 19.151111531111410,2 ' 5115151115220,18’
278, 5. 808, 21. 825, 1851111115 1115114184 51515015720
870. 29 male 11551528, 2 Manen 18, 11. 879,17. Μ8,8
1511511151854429 511111111488,6 manet, a 1511115,4,1. 85, 2.
1551511847, 10. 8621. 807, 8. 51111151511511111111 58219 60, 6. 189, 14. 291, 7. 298,
871, 1. 401, 8. 450,7 1511101115 1515111421,12 7. 29918. 808, 14. 5824
ma 5 820, 15. 827, 2. 886, 51111111051445,4 manet, mbjuuct. a 15555, 11,
,8. 880, 8, 10. 871, 7.1511101511421,15 18218. 512,10. 521,14
881, 10. 885, 18. 892, 1.15115415551404,18 man 55155521 ,
454, 20. 549, 9. 579,2 510251,15.200,7.515,15.5151512155951225,
151ς551151295,8. 84810 8591 17. 481, 7. 441,0. 447, 21.
51135518, 17. 92, 8. 877,4 51101515482 515. 6. 580, 4. 581,18. 587,
‘'fflffffli.¹n2¹‚⁶1¹a⁹na²f'}t3:133&ss 5818111115
870, 19. 876, 9. 884, 12, 1511111151 07,2 manufestum 445,5
885, 0. 481,8. 447,5 5111118514. 218, 4. 885, 4. Μ151551279,18
151315511511115511,815.889,8 -421, 10 Manlio 199,14
magnum loqui 580, 5 1511111,1.1. 5111111111 418, 2 mannia 274, 1. 400, 10
15111551274,2.858,10.440,5,9 151111 pro 11155111440,18 1515551212, 1
ΙΙΙ 8 1 ι 1 1
annnam ⁹ 1155155551 maenam, 11
51511121.. .. nnana ⁴⁶⁷³· 21 ΙΙΙ5 aa 115 ·
131, n’ 1111, a. 111, a. 111, manet masa. 1155 10151, 1οῙ 511, 11’ ’ ’
10. 871, 10, 872, 8. 280, 1151115 80, 10. 29518. 844, 8.111155111272,0.274,0
415, 19, 454, o, 501, 19,Ι 850,18.482,0.544,1 1111551158, 7. 204, 4. 25018.
504, 9. 512, 5. 5709 5111551515, ι’. 1. nnn nonninno, 854, 1. 857,10. 584,8
151151151155515050 8881 5115511115 151151, 511 exereitus,
1511511847,14.448, 17.502,”4. 414190110598119 lffl, 7· 288. 10. 297, 1.
519, 11 10115510115100, 8 811, 8
511151122210879,101924141111281.19· 8200 manus, haral. 45, 5. 02, 7.
541411 Μ11101551888,2 208, . 285, 20. 242, 14.
”imm 405, 6. 48811. 484, 5111115725. 270,1 278, l. 801, 8. 804, 2. 859,
. 449, 1 maluit 878, 2 11
5115511150, 1. 404, 11. 552, malum, neue. nnnan. 298. 18.1411111400.10. 4000
8. 541,5 885,11,14. 8929. 458,14 5155114418
,5191182910 malum, 'namu , 1155101822
5111511051 802, 9. 807, 9, 518,8 mulum, 6. 430,5 151101511111489,14
5115514050. 518,10 2112154817 mire 3. 6. ll, 2. 10, 5. 28, 4.
1511155111οῌ. 191,9400, 1 1111151,11011551. 80, 5. m, 18 80, 18. 80, 1. 41, 7. 01, 1.
majus 80, 15. 102, 15, 180, 7511151, 5111111. 55, 8. 1,’ 4. 00, 9. 08, 9. 112, 8. 118, 10.
228,1.225,11.279,1,οὴ, 881,7.850,1. 488,9 142.1.148,12 205,1. 201,
808, ll. 545, 5. 420, 10,1511517113115155,8 17. 21912 2 7, 2. 252, 11.
400,4.400,19.484,5,504,151151115 51410,4.515,7 200, 0. 269, 10.· 2, 8. 295,
18. 52010. 5225 1511511115 ineptus 5426 8. 290. 1. 808, 8. 825, 10.
51111,1”.1. anaxilla 1428 mammae 115114428814 329. 3· 437. 6· 405. 7. 475,
51111501115440,11 Mamurrarum 80010 ⁷· 508. 9. 541, 10. 5045
mala ninnta 899, 16 manabit 44, 0 marem 480,1
mala consuetudo 242, 12 manant 112, 8. 800, 4 Mareotico 80,2
mla 1510111590, 7 manantibus 2118, 8 marea 58, 4. 587,11
mla, ssdjm· 4191481. 81719· Ῑ1,11ι mnam 5301 Μ Μή 411 l· ¹⁰2» ¹8· Μ, 211
30, 4. 201, ln 4401 mantenano 279. 3· 287. 20. 200, 0.
mla, . 128. 4. 109, 5. 184, 111511 225, 0 45211. 58215 811, 8. 440, 8. 515,8
8. 88114. 817, 5. 842,1.511555400,12 15111551 474,1
851, 14. 870, 25. 425, 5. 480, mancipat 558, 14 Μ111515198, 18
11. aaa, 5. 111, 141411, 11, 15151554590 mariannan, la
557, 4. 500,0 mancipium 455, 22 marine 22, 8. 210, 12. 288, 10.
mla 5515151401, 0. 441, 15111155529 naha
5597 mandabo 5288 · 1511155204,2
5111,1.1. 1840,7 51501118084 marianam&
nalum ’,18 5150111500,5.5ω,14 1111110186. GM· 1114,5. 1³9,
51111,1.1.511111111215,5 8145441192714 3· 2³⁶, 1³· ⁴⁸7» · 59717·
adu. edjau. 271, 4 5115515151574, 14 591, 8
nala 24. 12. 110, 4. 258, 5. 51151,5510.175,10 511111115111408,0

ann, 11. aaa, 1. naa, 115555, 51511151, 1. an, 1. man 151, 21. anan

 

