690 INDEX

1661861,.,58886887,.1616 177,.1 888..1 856, 4.),1666666611117
868,16.864,17.488,6. 76,8].871,18.466,8.,161666617711
44611 466, 16. 6764
166666188616 166616866. 81. 848. 16
1666611666 868, 16 turpior 111, 8 V.
1666664766 166616 161, 6. 815, 4. 876,16.
16666184. 8 86618. 466, 6. 46681. 478, 16666 556. 18
16661466 8864 9. 57611 1666116511
1666141 461,8 1666166166 886. 11 6666618618 888, 17
1661416447.85 16661166488, 17 664, 8. 686 666666 4954
166141666116666.14 1666166685, 8 6666161418. 858, 7 55618
1661466164 1666661611. 116, 16. 886, 11. 6666611515, 6. 554, 88
16614664861 481, 8 6666117, 4. 74, 4
16614661668 875 7 166666686618 666616 48618
16666116 41, 6. 818, 6. 884, 6. 1666161968 7666616 56684
485,16 16661466,.1 487, 4 66666411,16.567,7
166611661884 4661 rarorum, 1 66666611,17.47,6. mk«.
tumultuosum 148, 18 ’16666 176, 6 866, 6 m, 18. 418,6. 45.
16661166 181,16. 881,8. 874,1666611866,11 6. 46416. 82,ss
16. 418, 8. 5867 ’1666666 mm 547.16 6646 11,7
166’ 481,8 1666161 4466 6646168848
1666 85, 1. 881.1. 868.16166616888.18 66466165
866,16.884,8.569,18 16161666. 886,11.518,14 rudere 87611
1664616666 1616 481, 18 6646161615
166411 ms 161616 186. 4. 8468. 8614. 6641666 8865
1666811611. 459, 16 486. 6. 47618 66416 Q, 14
166166 1611. 886. 14 16166471,8 ro 84,7
1661664765 1616616 586, 1. 588.8 mitram
6616616466.16 1661665467 usur 174, 6. 848, 4. naz
66666888,8. 68616 161166 88418 48611. 444,1
166 567 8661 864, ..878 1611668, 6 66614167

6164,8.866,.14886,18.1616159,8466,8 78,.68185.861,6.878
485. 6 616,14 1616686614 45618. 57614
tuorur11877,8 16166648.6.96,7.166,9663667,8
1666 848. 16. 8664 881. 8 66366166188.6
1666664. 147,11. 867,16.16166116,.6 886, 86. 867. 18. ’6366118666

886.6.148.6.161,.864,866,1.’ 496. 8. 455,1966366895,.7881,6
1, 7. 487. 4. 447, 81. 456 9. 579, β 66366166565, 9
464, 8 16166 nimium 566, 14 66366 676 7
1666688611 1666884.,16.8814.887.17.31666 68961
turb-nm 884,.9 85618. 116416 888. 19. 886, 17. 6631681618
⁶88,15 856,,18.4878 6636188,14.687,7
16666661866,8 16668866. 86488861663666 64118748
16666166 8867 856,8. 87617. 498,11.66366441,4
16661466141,8 55615 663617,1.158.16. 61616.
16661466 168.6 ’1 )6661, 6146116611, &o- 76 7. 57618
1666166 851,15 16661648. 16614. 817,14.17616511.1
16661666 861,14 8866. 494, 16. Μ, 6 6614166481, 4. 58817
τ..6..1.666,ιι ’1)6666496, 11. 661, 14 ν4ο446.16.461,14.618.5
166416868, 16. 4169 ’1)66616 18, 11. 45, 9. 887, 6666615168
1614651618 14 661666455, 18. 581. 17
166466 864.5 ’1)66616 87616 661666 66664141, 5
166466 4466 ’11 1666116449, 16 161661887, 80. m, 2 478.
166366116468, 15 ’1)461466 17,1 88. 5464
166361666, 18 ’1) 461466 89, 14 661661 666 166166 411, 8
1663146116, 11. 1866 1666666 47 661661 876, 8. 87611. 8845
1631418568 6661618615 nlenten 498, 8. 515. 4
1663146611,8 611661 44,1 6616611666 816, 8 nl, 11
16631466 8667 Tyndarida 84611 66166 864.5
’1661668666 Tyndaridarum 888, R 661666 16611
1666661668. 816,6.546,14 Typhoeus 1661 1761661867.11
16616666 161,8 tyranni 86, 16. 161,1. 158, 4. 66161769. 161,6 ..8461864
166666188.18.161.7.867.14 4869 16.488,7.4ω,61581
1666661866,11 1)666666188,7 66616464664144817
turparunt 86, 6 66618616.164.1 1613111611
1666666661868. 6 61616661 1761616961
16666167, 4. 814,.18 886,8.’1)6166441,11 r ο78,6
846.5.477,8.486.8.646,8.Τ)6116861,16 66114661681.4116184461γ
68613 ’1)6166488,6 mmmmm&
turpem 146 maz. 61661 ronam.vi‹1011r0nun ..6. u, 6 666, 6 m ¹
646, 6 16616666 817 9. 556, 16 614,8
166666145, 8 ’1)6666661688, 5. 865, 1 Μ,166116644,8

 

