610 INDEX

0010181800 00011108700,10.077,8.080,000100005.Βο,0
010110010. 1010. 001. 1000 8 00010 tenui 4⁹⁶, 10
001111810, 10. 0700 00010100 10101080, 10 0001010 0001. 072, 18
0010 110, 0. 870, 10. 880, 0. 000101 80, 2. 800, 0. 880, 11. 000101 m, 0. ⁵&st

880, 10. 0200 000, 11. 007 ,10 (10111001ωο00
00101 m, 7. 088. 0. 000, 8 01011101 000, 0 centum 220, 18
381ᾁῖ114181ωωῦ 3111111211οα &³⁷ 500ιῖωυῖᾒᾶ

m 9 1 1

0010110 000, 11 0101101200 001111οφ0001100 1001
0010101708. 08010 000101 000, 0. 0000 centimanum 180, 0. 10,
001000 10011 0001001108 8708 17
00100010 808, 10 000101 110, 0. 0001021. 010, 0001001 m, 1. 188, 11. 1708
0110001800.120,7.017,10 11. 00010. 0700 1110100100. flu. Ξ.
0010110101 0808 0110010000 0. ΒΜ m. 17. 8011
0010011 ὦ, 8, 188, 00, 00010 0110100018 01018. 010, 1. 001, 8. U,
0100ῃῦ m, ⁸· ⁵⁴⁶, Μ ce„ Μοῖ· mua ¹⁰· m! ⁴0 τ’ mr*
011011118011. 107,Ιο 1000. cocidere 1008. m, 10. 007, centnm 0111100100

w, 0. 8000 10 Centurio> 0801
0011100111 ⁸⁹⁶, 10 0001111111 mdo 172, l cantationibus 8¹11. 1
cati 0000 00010111 0111οῆ0 18. 0008 upote &8
(11110 8808 0001111110 80010 0001110000
(10110011 017,8 0001011208, 0. 88010 0001100010. 0000
1111111000 Cecropio 0000 omas, 18. 001, 0
001111110000 0000110001 0010111220, 10
01111100 800, 11 001101 100, 0. 8800 cethem 100, 10 18011
0000111011 001101 10 0110111010 0000 00101 80, 0. 880, 08. m
011100 0007, 0000 0011002011 0111801800, 18
minum 1700 0111001010 000, 18 0010008809
(1111010807 0111010 10, 0. 177, 10 cerebro 188, 8
(11100001 028, 10 coderet 000, 0. 078, 10 umbrosus 800, 8
0110010111 000, 18 001111 00, 0, 8 cerebrum 018, 0
0110011 81, 10 02, 0. 1207. 00111105. 15. 80017 &ferm Ν. 1⁰· m, 1⁵· ὓ.

mlo. sm, 529, 1, som cedet 10 01010 010, 10 10
0011111101 01011800 0010111100, 7. 0000
00101011001. 111010 cedro 088, 10 (10111087, 1. 011, 10
011011108018 0000111000 10 001001 flocti 1001110-87010
cunnum ³⁸9& 001011101080, 10 011001001, 0
00011,1.111,1.111,1 1110814011, 0100110687
1101020011. 8000 0011100000. 00021 (11111000101110
(1100011110 00, 7. 800, 10 ⁰²¹²· 81109 0111011887]
aad· 1001 00101100, 10. 008, 18. 0107 001011 810. 2
..001101111οη 0010101108 0010101108
0001001001, m, 11 0110011000 010, 10 00111800. 80, 2 1808181.
00011010 1101111018, 18 0110101110 18, 0. 20, 0. 0800 0. 8007. 080,Ιο 18. W
0110 07, 0. 1702. 88010, 10. celebret 101, 11 mumma

110,1.111,ι1,141,1, 110,00101111180,7 0110011011

1. 0000 0110011000. 01010 01110000 grad· 1000
m„ 10010 00101 108, 1. 181, 7. 188, zemma trepidu- 1101
0010001078, 0 102. 8 certamin 0807
001011 0007 00101010 80, 0. 107 , 1. 182, 0. emmim 207. 8. 001. 18
«vebis 100, 10 1108. 080,Ιο 0011001100 riman δῶ, 18
0110101100, 0 odem 80, 8. 88, 0. 02, 100011000 ,15
011010177, 12 182. 8. 100, 0. 00018. 200, 0011001 0008
0011110700 8· 000, 10 1011010080ου
0010010011 111111 100 00000101800
cuin 1100. 1808 1101 1111011111. 0708 emm 1000 2801 aa
00111 119, 8. 111, 13 0010111011 18011, 001, 11. m, 11
00010 1801 1111110011 001101110οα10, 1
010101 807,Ιο 00000 011111 81. 0. 8707 00110100. 1001
00011111 007, 10 celso 1100. 100, 0 00111110 8000
00100000 (10111008, 10 00110111 070, 18
mmm 01111111 ’ ...01000 80. 01101
0000000 000, 0. 0100 Caluo 00010 001, 10
caupona 8600 001101 Apenninus 0001 0011010111 0100
0000001001808,8 (1011010112,Ιο 0011118000
01000 0011. 8100. 870, 08. 00010110 510 10 00111 8000

³⁸2⁹ 1100111187, 0. 0000 0011101181, 10
1000108010 0001011708.101,11.199,8.0010010001 0808
00010 men 800, 10 01110 corti· 870, 0. W, 0, 5101
00010 priorem 0007 01118118ωά. 07011 00080
caum 00, 0. 82010. 005, 8, (31010110οἩ00 0110001008

010, 0 censorin 000, 11 11111111 010, 15

 

