VOCABULORUM OMNIUM. 695

1515155454, 5. 415, 0. 454, 5 11511414. 0 1151111291,4
15151518, 1’4 450,10. 417, 5. 115111 250, 8 1115514144, 5. 507, 8

545, 5, 9, 11. 548,5 11511404, 41 11351555
151511 ’411, 7 1151115108,14.404,)2.270,141111147010.511,12
15151114,11.110,.7 407,14.115111111114511 milam&

440, 15 115111 114, 4 1111111111 4417
1515111487 1151111108. 187, 8. 248, [1111115121411. 448, 4
1515151512ομ,,84044.4516.240,.725144008.501,11111158282541,’4

04415 14. 507, 11. 075 6 vigiles 17118
151515405 1151515804 2840. 484,0 111111142012
15151214, 4. 571, 8 11515155240, 4. 245, 14. 544,11ς11515190,4
15111188 7 4. 068 14 1111511455, 2
1511151511, 0 11515111444, 2. 525, 8 11351241, 0
1515 420 4 victorum, a 11515194, 2. 288, vigui 178, 4,8
1515114004 04015 10 1115503

1515154507 115111551157,10. 444,4 vilem 445, 7. 404, 2. 571, 5. .

1515115190, 4 , 115111511482, 40 57018,

1515040015 victrix 500, 10 11155 447, 4. 5505

15111 48, 7. 177, 7. 100, 7. 1151540011, 140801 11114708

28010. 40011. 454μο 545, 1151551541, 4 11111405,10. 514,15

7. 547, 4. 540, 0 11515151474, 11 1101151515510,8

15111 11111567 7 115151, nom. 5 1115 828, 24. vilibus 404, 0. 4004. 441,8
151111 5511151511 580 5 408, 5. 484, 8 111151443, 4

15111111 556, 10 115151, participa 11555185,5. 11111215, 8. 474, 0. 505, 5.
15111111 400, 1 24012. 287,1 514, 7

1515115 104, 7 115515 551, 0 1111111511 455, 4

1511511101 1151115001. 511, 7 1111514705

1555551, 11 515, 5 55551155 ι5’ viu· 551. 005. 0. ⁸⁰2. 4
15111484), 0 1155114001 30414
15111450, 14. 484, 8. 555,8 1111511454, 15. 411, 5 111111 4008

15110241, 11 11551151444, 12. 420, 20 1111155 5005

1111515154, 5 1105051501, 21 villicus 5000. 568, 15
15151150, 9. 475, 4. 525, 18 videndis 550, 4 111111454,14.514,4
10411155801 11555111445,’4 0111100430, 10

111115151οὅ4, 4 1111511461, 8. 414, 0
1145548014. 405,.4 500,10.111542,4 164,14.188,.5 215,

11165,.,.,.7152445514474, 017,5588,5 0.4’4414.425,4.480,12.
1548014. 511,4.544,.4111155102,4. 1580. 455, 0. 0807

00014 424,.,54444 115’,154800
11111552808. 481, 11 1111515,1115151.442,8 115148, 5. 454. 74, 1. 08,
111111551014 110515,111)1111’1.470,’5,0. 208,4. 1700. 105,.7 40ομ7 2
1104007 447,14 14.’254, 14 4005. 287,
51111184211,1.454181ι15513519115,.518115 2008. 4495, 7,14. 464,
480,Ιο 40024 548545127 0284
1111551 104, 5. 502 7 1111515111 410 10 5402
11111190. 175,7 55511111,1.155,2. 440,0.1111111511141511,1.1. 1111111
1111151021, 9. 052, 14 017,1. 040,.1 540, 0. 557, 4907
1111511011, 5. 450, 9,.4 805, 5. 4. 5854 111111511141464, 14

077,1 1155111,’151]“11154. 5111155220111111140415
1105151464, 14. 454, 0, 19· 5 4504 1155151449, 15

457,4 1105111,5114551450,15.407,11115151445,1
1151115185,1. 450, 4 5. 541, 4 1155152004
1151051804 11551201. 45,.4 10811. 214,111151184,4.470,1. 48014
1155 12, 5. 257, 4. 84, 11. 5. 274, 5. 450, 2. 4002. 444, 115555155558, 10

504, 8. 581, 10 1. 441, 1. 474, 14 554, 11 11555511551420, 14
11555270, 12. 4404. 4800 11551414, 4. 400, 11. 515, 5. 1155515200μο 475, 0.,-454 14.
115518]5.418,’.,.724111 544,1.4548,.,45705 547,8

00014 1105111551515’405, 11 115551847, 0. 427, 1

1151447, 4. 5507 1111515525, 14 11551245, 0. 8850
11515118,.5 40414. 50018114515145004405. 471,11.1155111245,4

009, 1 5410100488 1111511446, 18
115151141015 11111458.1115,14,1ί1.115,111111115..4 40014. 405, 21
1151511481, 8. 557,14 11. 444, 8 115551404, 5
115151448,11.510,10 1141151115,0144,11.457,14 1155111250, 11. 575, 17
1151514488 015, 5. 541, 17 1151115444, 8 11550541, 9

1151151 410, 4 11415151 471, 7 11551515 451, 15

1151555277, 4. 450, 10 1151111,1.155,11. 214, 5. 244, 1155151457, 15. 541, 15
11515111 1751. 411, 11. 448, 7. 488,.1 572, 5 1155502402 481,10.418,1.
14. 4544. 557,0’ 1111515151 1144 4508

1101100014. 5405 1141114701 1115511407,11
11511ιί54050 554, 11 1145111155151247, 14 11545111184,9.255,18
1155148011 1105115 405 11545511151477,1

2.
47,
8.

 

