480 INDEX

1111111148 1141114744
1111144 114111111494,8. 44444
111111149,11. 447,1. 481,114ἅ1611,9,4. 8444. 447,.4
1111111898 11111 ’98,Η,4.4989.,4974
111111111111447,8
11111111841,4
tentabitur 8444. 48411 1111
11111111484, 18
8111118444
1111111111 444, 18
1111111189,14
11111111884,8
11111111 444, 9
1111111 817, 18
11111111888,4
11111111,1.114,1
11111484,8
111111 478, 18
1111114141. 478,9
1111111 174, 4. 841,8 8111111148, 4’
111111881, 48848 1111111444’,14
1111111114, 4 11111111 844, 4
1111118841 4444. 484,1.11111871,4’

414, 4 48414. 874, 14 11111184414. 48418
1111419411. 8417. 884, 1111114848

18. 418,18 11111111111111111114478
1111141111444, 41. 441, 4 1111111484, 18
11111411441,4 11111111 11, 14
111118188411. 41114 1111111414, 811,,44 474 4
44414 811,14.144,1.111’,18.114,

111 47’4, 17
11111 844,’ 14
111111 878, 4

87417 9414. 849,11.
848’,.’1.49711447,8.449,
14. 48118. 488,.9 m.

81111111144, 1

11111411

gu. 1111111111 Ι

1111111111· m ,
eontinet 418, 11 ¹
1114114844 1
1111111 §M
11111111 8448
1111111814,14.887,4 ¹
ungam. 44111148
111111 481, 7. 11111111
ae'lli 548. 14 1111.

11111 48, 14. 84, 7. leo. 4111111111 1444
411, 4. 49, 8. mle. w,
4. 444, 14 847,19. 44418.

11111114,14. 4441
seper-tium
1418814
meum„ tn,181 QUAM&

eeptem 111111 478, 11
81111111411414, 18
Septimi 148, 4
Sep 111111 11111
81” 1111111149, 14
’.1141 811
.

11131114Η1844 41414. 81

1111141114,14.4’84,.,7448 71184114,1’.1111,4’1ερ11111194.18.841

18. 4477 117 7 ’181,4. 81418. 417
1111141887. 114,.14 1844. 14. ’,45484 844, 88414.
444,14.447,4.’444,4.484, 814,4.89,4. 84414448,
14 1444414. 484, 14, 14
11111411848,9 11111114714 878, 1
1111111111 84, 14 11111448, 8. 447,9’, 11
1111111111, mo 1111111441,8
11111411 , 4. 444,7 111111111444. 144 4

1131111141, 18. 44414. 811,11111111714

848, 44
1111111 87414
11111111 444, 4. 447, 14 474, 4
1111111111, 4. 489,,4444 14111111’1,.144 884, 11. 478 9

448. 4 474, 4. ’444 8
11111914. 99, 8. 474, 1 111111111111474,8
111111414, 14 111111114918
111111447 8 111111189. 489, 48. 481,
1111111444,14 479, 4
11111114444449,11 1111119 4
111148, 14. 44, 4. 749, 111114111111111471, 14
114”’111’1”’111”8’44,18. 4417 484,κ”’111’1’1’41’4,’18

18 1111114411, ’9
1111111491,4 111111189414449
11411111 444, 19 11111, i. e. 111, m
114184, 4. 47418
1141194,11 eof), 8. 487,4
1141111448 8 1111111481, 14
114114. 4. 78,.8 144,4.148,1111147814

14. 144,11.’844,7 1111111944
11411149, 14. 4748818118 1111111474
1141111147, 8 1111111149, 4
1141111474, 8 11111111444, 4
1141111111 474 4 111111144, 14 488,.7 4144
1141149, 7 1111184419. 844,’4 487, 9

11411111147714 111111 844, 4, 8
1111111111111111444.174,8

111111111811,1

11111111189,’.,.,·488898884

eepultewd

sepultie5⁴0,6
111 88817. 814111

,84781

nequeumt
111111119418
1111111184448988111
eeqeenturffi7
1111111111 188 8 488,11.94,111””1111444,18.879.9
111111,14111.11111111484,.11 7.,.89917 44914. 4844 1111111844,4871,11

1111111111 448, 11

11111477,14.891,8.414,14111””1111111179,1

1111111119,11.181.8
11141 11 niem
..ὅ54.41’.447 D
11111111191,8.484,1
1111111444, 14. 8844891
111,111111878 14. ³21⁰
111194. 17481811
8111188, 18
111141144414
11111188, 14941881
41111414, 8. 91. 11
1111111811111884,1
1111188117. 4141. 58111
477, 4.’49,4

11111,911111111111,89,9.811111’1119,9

1111111944
11111191, ’mm
1111119114
affigam &⁶2²
1111111111441,9.89811μ
1111111, lem&
4477911814
11111111114117,8
1111111111 148 ’41741518

 

