658 INDEX

55155575...5.5821548515.51“1128...,552216.65512.
5252156515 ,5

11515119,6.67,.1259.12.12216,7.279..112Ω,.5;82,11.
2118165851 891,2.841..19279,11586,111.5.751
55151.1ᾄ151.955165,.16175.15.474,12.487,.555551μ129.1
592..,115558 521,12.,55122.558,1 55555514555
1511621115518829151111545855575556 515515125516
111, 1611515. 159,.5 519. 55111551. 85, 6. 511, 5412. 5555511125 5
822682911729921945924451659555551511755.
4555. 451, 7. 525, 16. 556, 5561516555
29...56651567.8 551111287,4.567,9
5511118811 197.4.,5994 5511155151115151555159.51515618ω12417816,
5511512756. 57516 5115165852 19. 462,7. 525 6. 581, 15
55152552 1511151,111111.61511. 591. 2. 58515
55155197.6.511,17 4754 nuper 87 7. 11.2,4 1511
55155165111555.19 5511582814. 5758 219, 8. 214. 2. 2551851
5511565111594.1 5511514652 541, 19 2. 412, 9. 476, 7 ΞΠ.
5515512756 55655165155952 68521 658, 21. 56529. 577,5
novi. 1515551 55651955. 4115154756 5511111755 241, 5
5511,1516.218,.8585,2.584,55ι115181555545551151156
5.411.4.115,7 444,.11 55815141 5421155155511152757
5251 6,.7569...29595 5611.455.55ρὶ15551551,11
1161151555 574 2 1519. 4465 41151 555611118519
1516519. 2254. m, 511551148516 5551111515Ιῆ5
5956. 5756. 4551 Numa 5454 nuptia 58, 6. 1756
561111149514. 5958 Numantiae 1159 5 m 448. 4. 1551111.
55614951 5151522516. 257,18. 21511359
novitu 5458 15. 2955 5511111585, 18
51111111 577, 5 numer-7117· 576, 4 :sutrim 599, 16
Novium 541, 11 5555111655ωώ 551115161517
115115186518 numerare 4259 51165511484,5
novo 87, 7. 159. 7. 1552. 2555555111 561,7 nutriri 5655
7. 5654 nument 5552 55511 257, 7
55151412, 2. 6556 nummio 55521 5551112556
novum 72, 2. 56519 numeretur 548. 14 5551151458. 7. 551. 7. 5751
55151 412. 4. 1159 5555512559. 5555. 551.1.55111151599,16
nox 1811. 656. 184,.4 217, 5759 51515555 5756
8 27719. 2951 5955155552 96,.4 5655555555ήὶ
1151Ῐᾏ5451141ι,516,.11151,5115,1 55111,ρί15.,56116
19 51555515111516,7 555411, 15
55615142254 numen» 252. 52511. 579.5]15511ι·71,.4111,12
5581155172. 52514 12 5151556115-195Λ
55611 81. 9. 151, 2. 2551515511515511556 51557. 21 tymphanum 8111111651
57519 numerum 51912. 255 4,7
..511155 ...5511511515141,5....’..5..ι15,1
5561651112. 7. 2151 1155151487, 2. 528, 5 nymphium, 1. 211, 5. 211, 15
5116111155. 755 Numida 85. 5 .
nubium 227. 19 1155161155 184. 1
5551144518. 5557 5515151591,19.642,16
5515114257 5551155 181, 5. 2851
55511678, 19 5151151519. 11
5561651. 2155. 2151. 458, nummatum 4857
14 5555185515
5561515551 55555111 581, 512. 421, l
556111 469, 21 5555615151515588. 17
5511115254 5551155448, 11 , ,
5116111482. 15 nummorum 422. 5. 551, 15. 5815.
5561111577. l 658, 51. 6851 5655141512. 45512
1156111456 5555151821, 14. 528, w. 511, 5115111151 581. 16
55611191,12.594..7979.12. 9 5459 4299 521,2.55449.5,5
447. 18 541, 4. 6654. 658, 77 emm, 1111515958
55651958. 589,.14 52511 5515555615,11 5511511155 aa}
156551554 55155515 552 21 5551165455, 4
55651192..,,24241611.452,55ι5ι551827,29 56191,5.515.,,12.551715-
4.,1452 5555565565 5551. 452.ο61511511,5111499 19
5531168518. 5956 17q ob 1115155114
1153111499, 18. 54511 55559,15.14.18,4,.6 14, 2, 5661551151, qnod 5557
5531615254 11. 2519. 24,’.’.69 28:170770058m
nugarum 581. 12 8515611. 85, 7. 192,4,6.ο6ι61151515511151552,5
nugu7627 1154 149, 2,..81 178, 9. 5615551255, 7
5531116155111667. 18 21519. 21518. 251.12,611.51)611511.5

 

