840 INDEX

lund-x m, 11 immptiuinui 871,0 1444444810,18
1444414041 imbuam& 144444181812
144444444 881,0 incredibili 118,8 impin Μ
1444411801, 10 14444411 880,8 ineptum 84141

1444414 1448 1444444418 ’ 84810. 81148
1444444108,1 immine 141, lv. 8. 80418. 8811
1444414 00, 8. m, 18 1444844481,17 1444444881
1444441784 1444841111,14 1444444 881. 481,1
14444414 844, 11. m, 8. m, 144444 88, 10 im 118, 11. 184, 111411
8, 8484 44444488, 10 488, 8. 4788811180
14444414 878,7 1444144 410, 18 inertem 181. 8. 10114181
14444411488, 14 14441114 840, 10 1444144 878,8 8811481
14444144847,4 incultum 1444414804,1.844,8
1444414818. m 14441444 488, 17 1444414 84117
144444488011. 84811 1444η14818,7 inertibus m
1444444181 1444148844 144414441444414
14444444488, 18 1444444444 m, 18 hexonnhil‘ubm
4484444 1444441444. 14 inexorabili· 444
14444444171,8 14444441 888, 81 inexpertis 8888
14444144 184, 10. 801, 18 14444144 401, 8 inexpertum 870, 18
iabou· 11, 10 1444441808, 18 infabre 418,8

1441444 878, 4. 818, 8 1444 m. 18. 888, 8. 888, 10. 141444 ma

14414444 418, 14 871, 8. 878, 8. 870,18. 484, 1414444 814, 18
14414444 810, 7. 881,8 88. 818, 18 1414444 11,8
4414481444,14.444,1 14444414 08,4 1484481888
1441411878,11 1441111,11 1414414808, 8). 4841
1441444188. 47014 1411148040 141444180,11.870.1414.1
’1414144 4881 14414441 814, 11 14144144 4441444 44411
4414144444. 481,4 1441444184 1414414171.18

14414144 871,0 144144 4141444848 14144144880,1. 48411
1441 't 880, 8. 184, 10. 181,1. 14414114 888, 17 infelici· 488, 8

4114 4414144884 1414114888,4.88,18181
144144 844,7 1441441887 inferbuit 44111
1441144 881, 14 1481414871,8 inferia 08,8
14414444 88818 14414414 4080 1414414444 m
1441444141 14414144 800,8 14144448101
14411444144, 18 1441444 78,8 14144444 880, 8
1441444144 410, 1 1441 880. 11. 888, 11. 877, infernin 44481
1441444 817, 7. 8ὣ,4 ⁶ Imm} 14144414 118, 18. m
14414444 1801 4444148188 1414444 1884
14414411 888, 18 indign-tur 888, 18 14144444 177, 8. Μ
14414444 880,4 indigni 488, 10 ’4841411888

1441144 484, 14 indiguissem 1484118888
14444144871, 4 indigno 2⁰8, 10. 818, 17. 8408 infidele· 877, 0
144448488414 indignor 880, 8. 884, 10 14144114 801,8
144441487817 indignum 418, 4. 488, 10. 817, infidi 181, 11
14444144 w 18 infido ²31, 18. 1881

“ ’144 848,4 , 4414444144. 487.18 infidum 81,8

“ 441,1. 418,4 indocili 184, 8. mil 1484441187

1444114 mmo 1444411141, 10 141144 oedl

14441411 187,1 1444411 841,18. 848, 8 infimis 848, 11
1444144144 10,1. 801, 1. 888,ἰ4444444108,8.881,10.801,174114448878

18. 814, 18 indoctus 878, 10. iffi, l 1118144144 8ὔ,7
1444144444 880,4 1444144 m 1414414814, 18
14441441 188, 8. 887,10. 481,14444114488,0 1484441118

1. 444. ιο. w 444414 444 mamm, 14
4414444144 44444444144444 1444414444
imo-uod· 8148 indomita 887,11 14844 8488
1444444444 888, 10 14444144 801, 18. 408, 10 1484414 881, 10
1444444ιί44 887,8 4444414181, 18 1118448881
14444444118Λ indormit 818, 10 Momm 1188
innuptis 88, 4. 880, 84 Indos 81, 18 47818. 487 ,7 insutum 87114
10818151* ἐι“1““’“.1’1’1 &imis
4444441444 · , in 4444 , 4 ,
inconcinnum, 18 1444441 817, 1 14144444 878, 14
inmunitas 4441 inflamma 4444 Mummium
1444484444448,8 144444414488,88 infregim
ι444411444114188,8 14444118888 i 4444710
1114444444 48818 4141444444 14 ml
immptt 88,1 14444 wi 14144414 4818

 

