VOCABULORUM OMNIUM. 665

11111115555. 585, 15 Petrinum 4554 1111 ’1555
11111111 55515. 515, 15 Ρ116 5551 11115617
1111111511, 16. 511, 5 11115111111111111555, 55
exte 4754 111111111111565, 5. 45511
heu 515, 15 111111 586, l
1515111551 16 11111111546, 15
1111111111 154,16 pileolo 565, l
pheretro 565 55 5 54,4.1111115556
151, 6 1111115556158
111 ee
1111116111556,5 1111111111111111556,5 1111115451
1111114115657 Ρ111111111155, 16 Pindaricum
111111611451, 14 111111 115655 Ρ1111111111551, 15
1116ῐώ14555 Ρ11111111,1111111.11111,455,6.Ρ1111111556,6
111611115515 Ρ1111156,4
11111111556,16 Ρ111111111, 1111111, 15 1111111154517
11161115555. 45514 Ρ1111111111155, 17 1111111111555, 8
1116116414, l Ρ111111110455 56 111111111565 7 ¹
1111161555 5 475, 6 1161111151. 54511 11111111 155 7 445 5
1111111111465, 15 1511111111 45511. 4551511111111111111111111145415
1111111111561.11 4 ,11. 457, 5 1111111111ιί11455,8
pervenimus 565, 16 11111858 11111111 4555
11111165555 1116111115555 ’1111111446,5.444,17.455,5.
1111111111 141 6 11111114555 1, 1
1111111111565,7 . mommo 1111111115514. 56515
11111111158 1 phoceam 1111111111467,11.555,14
111116111545,1 Ρ1ω11515. 5451. 5651 11111101554
1111111111 541, 5 Ρ111111755158,7 51515 1111111111,11.114,1 455,.5
11111165855 Ρ11111157, 15 55, 15
1111111111517, 18 Ρ11111111η51155. 5454, 111.111111111111111555,15
333333 .. 3333⁷
1111111575, 1 Pholoen 16 5. 155, 15 111111 57, 1. 555. 115, 5. 565,
111164, 5. 57515 Ρ11111111511,5 5. 5551. 566, 14
11111111 5455 Ρ1111111556,5 1111 564 7
1111111457 7 Ρ111111111511. 156 5 1111111111 155 15
1111111155, 8 Phry 1111111411, 15 1111111555
111611161565,5 Ρ111,1111465 ρ11111441,1.555,17.551,16
1111111164, 5. 515, 11 Ρ1 155516 1111111465 5
116111155514 Ρ1 1115555 11111115455
1111111545, ll 1111111151 Pirithoum 16511
1111141154 Ρ111111111166,7 111111114555
»eto 155,.7 465, 15. 457, 5111115655. 5115145555 1111115654
486, 5455, 5 1111111545 8 11111111114514845
1161115655 . 1111111158, 54756 1111111145,5.545,45.4,4654.
1111116116, 11. 5455 11111561, 4 451, 11. 4554 .455,6 4461,
1111115855 11111555 44655. 566,.55 51514
11111111 445, 15 1111754 111111111556,15. 411,11.455,1
1111111111 155, 4 ’11111455 15. 44516 1111111 455, 5. 451, 7
1111111775. 5455 111111464, 5. 461, 5 1111111155
11111557, 5 1111111561 1111111565, 15
»etet 15514. 1555 555141111111554. 557, 15 1111115656. 57515
566, 6 1111115651 Pitholeonti 5855
1611111515 1111111111ιό5, 5 11111111 4655. 41517
111111 416, 7. 54518 11111111 555, 1 111111 58, 5. 545, 16
’16111555 1. 5855 1111111515, 4 1111166111, 15
etimne 15, 5. 564, 6. 56511 1111556, 14 1111111111545,5
16115511. 551, 5. 564, 6. Ρ11111185 16 1111111185.5.414,5
554, 5 Ρ11111111514,14 11111111 5155
11111556. 155, 5. 585 5. Ρ1111111111111555,1 111111111565,5
5551515. 45515. 5654 Ρ1111116615 111111151515
55515. 58515 1111111 44, 4. 155, 5. 515511 111111111465,5
11111575, 7. 555, 15 54515. 565, 11 11111111455,8
etita 461, 15 111111155515 1111111111 555, 8
111111 411, 11. 451, 11 111 115515. 55516. 555511111111175545511
1111111455 ,17.471,11.515141111111115555
1111115558 5456 1111115555
11111111 5555 111111115411 11111111 157, 5
111111158516. 5555 11111101 516, 5 11111111 555, 16
11111111 581, 14 11111155, 6 111111111465, 15
eto 1555 1111111565 55 placentium, 5
11111111575, 15. 54516 pigrum 555, 5 1111111 551, 4, 111.

munga 51 5 1111111111111166,8

 

