-111111544,91.449,.5401,111

056 INDEX

113111111101, 19 1111111511955,17 4. m..
1131101,10,515,19, 57019 0111111497. 15. 499, 95057 15. 557..
11311111511, 15. 591,5 111ω111957,5 7,0.
11311101055 11111905455519 1111311111
1113111111 541 15, 4419 111111 101, 9. ⁸⁹5, 9. 450.9.11111114155
1131111110, 5. 471, 10 4505 5115 11111111 numeru 11101111
113111111159,11 1111111054 595, 5
113113111177, 11 111111 991,15 nilintentttunffllfl
1131131190, 9 1111111151.11 1111 11101111111555,5
1131131100, 4 11111111 100,5 111 11111155511. 551,4
11311311 405, 10 1111111501,15, 5555 nil 11111457. l
1131114017 1111111154 1111119590
11 ο111100,4.414,9 451,4.1111111001, 19. 509, 0. 410, 111 1111111009,9
,9. 495,15. 509, 11. 10 1111111111 111 m 9
555, 1 1111113110910.15. 1111 1111 111111 111501.19
11311111 9151 1111111111 559, 9 1111 verbi 415, 7
11131111 990 9 11111111111311111 90, 9 1111 11111494. 5
··· ·· · ·· · ·· 1111· ·
151111 15
11. 001, 5. 4799. 559, 1 1111111915, 94, 597, 90. 551, 4 1111111111 m 1
1111111090, 7. 457, 10 nescit 10519. 9000. 5019. 1111111147,5. 755. 501,5
1111111 9099 5059. 50510. 5055 nimirum 410, 15. 401,Ιᾶ
1111111454,15 1111111111 1111111 revorti 505, ,15 500, 5. 515, u. 551.ss
2:575& 11201901. ..1011 11, 1, mo ’179114 1⁵¹⁷ 107, 3011ξὶ
,4. 451, 19. 500, 15, 1111111500, 10 mmmm 40, 0. 5510, §.2
51514. 517,15, 55511 1111111477,10 110,5
11111150. 40, 9. 179,19.11111111109,0 1111111115, 15. 115, 9. 11515.
104,1.910,10,997,15.901.1119,1.75,4.00,19.05,11,157.5.177,19. 198,5,411,
0500.1.547,10.554,10 04,1.9,4,.551’1,Μ15, 15.40),.19 49595911.
14115111105,5 040,,11511. 000,,5.444,1 570,,,7570 5,10
11111194, 10 14. 447,15 5001115709 1111511950, 5
11111311113111915. ,1.11 5591111015. 4451115155 Ν1ρ111111114,9
1111111114οΘ, 1 1111119955
1111115500091. 097, 11111107,0 1111111199,19
5 111001995405950557111110057594
111111110οψ9594971 0050,4,,.4191499..7195,9.,.1944915,14.Β
1113111070 1059010 500, 4750555,Ιο 1159570455οἈ
5 11101901ὼο405ηο5590 00549 054...1419451
1131115119οΜ 1110111400. 5, 4504 47517. 59519, &a
1131111111191,5.1959.510011010159,5,910,0.499.17 11111 3111055919. mm.
Neptuni 9154 1131119005 17
1113111111905,9 111311 111111155514 1111111951, 19
Neptunum, 5. 9095 11311000. 5. 579, 11 nitantur &A
Neptunum 917 ,5000 1131119715,5. 05515 11110111495,17
013111115040 507, 10 1131191519. 9550 1111111109, 15
1131114555 111 14,.955,,,.1755η901111119511.505.11
1111111111.. 1,·11·“······ .
11’.111,’.’,.’1,ζ11111111111 1975.5.111,1.1111111500,4
9.559,0,,45559,,50.555, 59, 97,5,554,1.505,1111115,5
19,.90 557,9. 051,,.45 570, 5 111111111575,9 1
11,1ι·.,111,11,1ιό, 111 3111111954,9 11111117,0. 44505915 ¹
1131111407, 9 1113111400,14 1111 cothurno 5055 ’
Qum ὥθ’ ¹⁵ ὠ101110111861191111 anffiffiffff
1 n
910,10.914,4. 99190011110111955. 514,9
11111111ω11450,19.09, 1. mlo. 0759. 591,1.111101905,5, 01418.ῶῦ
719 4057 4150. 45910, 558,0,111.11111011110,.4100,7.404.19
11311111447, 5 577, 17, &o- 11110111 400 4
113111141910. 4550 1111ωρ1111111,15119,19 niumm}
1111111111 170, 9 1111111111 111 1111111111 1111111111 nitor 40, 5. 105. 5
1113111919 0554, 14 100, 5 1111111111 419 4
1131101490, 5 1101111111· 519,7 11111111 450, 5
1113111111 1059 10ομ7 515, 5 11011111571119 111111 m. 401,7
11111111. 1111111... 1111·
1 niv is
1111111ωο09,1 111111114111111111415,17. 550,01111190,1.9)9.10. 9155551.
1111111054 110901111510. 49591 4551 950ομ5 497. 10, 44410 “,
nannum! 11119,9.99,,155.00 15.,..774111111110 ,2 907, aum ,

71541

9
50,
9,

- Ν111111905,0 51,’.’,,’1100111.1111.1. 151,1191,1ἰ11,1,α.;

1111111551,11 910, 4,5. 909,1,1 17. 500, 10

 

