VOCABULORUM OMNIUM. 613

micul· 1111111444 16 1110140360, 5 17. 344,1050.1,15. 500, 10,
1010011144,0.100,11 (1001401101355, 7 20. 505,17 ,504, 15
1011111271, 5. 275, 12. 277, 7. 60014011001356, 0 011157, 4. 403,4
301, 10. 300, 0. 400,0 (1110110110 05 5. 230, 5 10110100, 0
1014111301,8 Capitolium ’1,56 2. 207,15.1111011307
1111011111 370,12 2222 011101020010
1010, 0101111111, 500, 10 61011501301,1 (111110ομοφ 0010. 405, 2
⁰⁸, 3121331313 13133133331113133 3131331311111111
270, 1. 201, 3. 330, 10 407,110111406,15 0111010 74 7. w, 7. 241, 7.
14. 447, 10.470,16.554,10(1101110010111111111730 204, 12. 204, 7 300,7. 402,
10100011 12,⁰ 0101012324 10. 540,4, 550, 10. 571, 2.
11011110 455 7 0101111176, 10. 100, 17. 201, 23 570,1. 501, 7. 5,00 4
10142241,113.301,5 0101110430Ιο 111101017,11. 30,1.11,407.
1111111117,6 (1101135310 145,.2 3227,1.5 2415. 250,
1011110 0101011 24,5 (310110010ηο 1361 0. 303, ⁰. 3,04 0.
1001115112, 10 010115000275, 14 401,.0 500,3. 3520,1. 530,
100110 00,0 1101101522,15 10. 541, 0. 546,Ϊο 54⁰, 4.
100101554, 17 11 1101111111 141 1 552, 13. 550, 7. 503, 0. 507,
1001011451 (11301100353, 15 12.
1111111013.. 1113313113313 1031313 31313111. 3111 1
12. 5067 1110111351, 0, 303,0 1111010110,4.103,1.217,55.
10051000217,1 01041157,15. 4240. 465,.4 230,0. 25210. 2021. 210,
1101101401 300,6 544,4 13141ομ1 5301. 543, 3, 011.
0111110571, 1⁰ 010110 5724 544,.1 540, 13. 553, 20. 570,
3104151101524,22 41001461111 10 50411
3104151001 103,6 410114 200, 12. 327, 15. 330, carminibus 123,0. 22414. 244,
1114110110 17,4 0, 7. 354, 12 5. 370, 7. 560,1. 507 , 10
1114111 141, 0. 340,2. 300, 2. 010 41441446 2 0110101015, 0. 240, 5. 303, 11.
52410 010411443, 10 450, 3. 56613. 520, 14
1111114 350, 2. 500, 10 1104111577, 10 carminum ⁰⁰1, ll
mutemus 114,1 010111 230, 0 111014040. 465, 4
11045111150,4 410411116511. 547,1 0110004300
10111100486, 6 0101111000 01102431. 403,0
11040 54, 10. 147 2 003 5 110111001517, 0. 547,1 6001011200133
111101 340, 3. 5737 75,000 0100101345, 10 6110 1111100100, 0
110400511340, 1 01040 5504 011011111οι 2032
>tutoris 331,2 0101015203 carpe 11110 454, 18
11040175, 0. 255,4. 204, 13 4104010225,Ιο carpente-855, 11
11040111 01111324, 34 0101011402. 4⁰4, 11. 462, 11 1001011122112
110101 57,” 0. 120, 1. 140, 0. Cup 0150334 01101101353 214,17.215,15.
3007 (1110010201, 2. 302,1 244111
1111001 1004 0001143,14.13,.4 66,11.111,411011314341, 11
4.122,1.10,2 12. 205, 5.411001011420,0
267, 0. 3,10275 .270 ,15 303, 004010101400, 0
7. 3337, 2. 35,0.0 363, 3.(1111111010101206, 12
300, 0. 300, 0. 3304 ⁰4,.5 420, (1114010101235, 10
25. 425, 2. 433, 4. 447, 1,(11111110101124411. 2825
21. 451, 5. 4,.5021 511, 0. 61110100 166, 16
5002. 564, 0. 501, 15 0110111424, 13
110040011114,4110 10110 520,15 11101011 47 2, 12
0111430, 4 011010 11004447, 21
- 0111141011. 52510 11100 73, 2. 13411. 370, 27.
0111501753, 13 005,15. 531,12
1111111326, 10. 425, 11. 505, 2 4115001420, 7. 461, 3 0111114200. 430,15
1101111 510, 0 1111111500 332013 Cascellius 505, 11
11111110, 32, 4. 00, 7. 124, 2. 011411100422, 317 (110ρί101120
00,11.111,11.110,5 1110101150, 0 1100144413
4101110360, 6. 3370,12.3,566 5 111101100010513 6110013037. 403,14
001000106μο 117, 13.205,.001111011454015311141237,4
(76.3 403,14. 560,1 0111110107, 3 1110110 154, 14
11011111 100, 2. 303, 1 11111103, 310 Castalia 1⁰2, 0
141114351Λ2. 453, 10. 450, 12 0111511001 126 6 entellum 552, 22
40111013761 1111104 240 6. 200. 1 0110011015743, 11
1*0114 4163 421, 7. 447, 10. carentem ⁰4 3. 211, 3. 214, 1211111 01111501, 0
4044 1111111111110 ..11011110101011011
3’010063 301, 11. 007, 10. 011100111111141556, 24 10111100 2060
⁶¹⁴ 111 5641 011100000200, 2 1111401740
31031011 1.101111011331,13 carentis ⁰4, 2. 570, 0 Castor 3113, 20. 300, 1. 523,2
330011514. 255,11. 415,10 1110124034 (11010115335
3*01111011001101 1 111114 03, 11. 115, 5, 6. 210, Castoris 237, 10. 303, 21

 

4003. ·

