6611

1611111 18, 6

16111111 261, 6
111111166611

11111111 266 6. 666, 16
1111111111 1,6
11111111 m, 1. 661, 16
1111111161 161,12

intlofr 161, 6. 166, 12. 116, 1111111111 62. 6. 661 ,6

huga ΙΙ1Π11 mue
integer 11161 66, 1
1111111111111611,1
1111111666. 161
1611111 166, 1
1111111111, 6. 6166
integro 266, 2

11111111 162, 11. 266, 16161111112166

666, 16
1111111 11 616, 16
11111 11616. 6
1111111 262, 6
1111111111 16, 6
1111111111 68616
1111111111 666, 11
11111111 661, 1

1111122, 1. 66, 2, 611 1116111· invenerit 6666

. 11 11111161
11111 hoo w, 16. 662, 26.11111111666,16 11

6662

11111 mgna 1111 inops 1661 {unnim 616, 11
11111 111 11111 111111 1161111 1111111 661, 6

11111 111111 ω, 8
111111111 111, 6. 666, 16
111111161111666, 6
1111111111616, 6

11111 11111161681, 6
1111161111661,6. 661, 11
1111161111 6266

1111111661 12⁰, 16. 6661. 68611111111111 666, 16
1. 666, 6. 626, 6. 668, 6. 11111111166616

w, 6. 68616
1111111 666, 6. 666, 1
1111111111 6866
interempto 266, 16
intererit 611, 16
111111111 multum 616, 6
1111111161, 11. 266 6
11111111, 11111611
111111611 ,6
11111111 W, 1
11111111 6111 166, 6
1111111111 6266
111111111 61, 6. 6661
11111111 166, 11x
1111111 661,1
11111111 612, 6
interitum 661, 1
1111111111 262, 6. 2662
111111111166, 12
interminum 216, 11
interminare 66612
11111111111 226, 1
111111111111 6662
1111161111161 6666
11111111*

111ΐὲ1111662, 1. 611, 1. 666,

111111
11 ,

INDEX

1161616668. 6166. 61611 1111616662
1111111111 666, 11 11111111 166, 6. lm. 11. ἦ
116166666611 16. 611, 6. 6666
1111111266 111111121622
11111111 2666 111111 611, 6. 66616161.
1111161261 6ὥ,6
11111111 ww 1116112666
111111 lm. 16
intorti 1262 11111111 61, 6. 11616111
11111 116, 6. 166, 26. 611, 16. {nvitun 661. 6 661,1. a!
62611. 6661. 666, 16 111111 666, 6. ml
11111 1116111 6111 111111 626, 11111166, 1
16 1111111 1662
a& vffiia 111111616, 8 1:33⁸ss p
111111 111, 1. 1ι1,1 13111111 11111
11 111 ,
111111111161,6 1111111 281, 16. 11111111
1111111 11, 11. 66], 16. 6666 ι 66616
1111111111666,6 111110ῑί· 6661
11111 6666. m, 12. 621, 16. im ’611, 16
621, 11. 666, 16. 616, 1611 1111266, 16
661, 16 1111111 m, 15
1111111 666, 16 1111611111 616, 16
11111111 6666. am iugi? ¹81& ῗ, 16. 616ῐῖ-
11111111 2666 .
inutili 166, 2
io ω 86111, 16
11 Bacche 6661
1111661616 1 ἱθ611111Ιψδθ m, Β, u ss
11111116666 1611111 6661
111111111661. 16 11111 66, 1. 162, 6. 6611611
11111111661, 11 111111, 6. m, 666111
111111111611 w, 16 100006661461151316
11111111666 ,111111 661. 666
11111112666 1111111161, 16 “
11111111216, 6. 62616

11111111 666, 11
11111111166,2

11111111 661, 1. 661, 11

{QZ} 11 1111

11111111. 111, ι. 1111 1331561171 1111

1111111111 {animm
11111112666 pou 6261. 6162
111111 111, 11 111, 1 111, emm. 1111111111
2) ’ 111111 21616
11111111 661, 1 lonico· 116, 16
1111111261. 266, 6. 666, 12 1111111 w, 12
1111612666 111111 ἢ, 11
11111111, 11 11. 1, 1. ⁷,2 111161
summa. 1111 11111. 11111611
invidendum loven 12, 6. 18, 12. W·
{nmium 13111 1111111116.
in sm
1111111111 1111111111ιῦ.ῑὶ
inviduam 111111
1111111111,1.111,1.111,ι1 lovis 11, a„ 11. 1. 11116
invidi mm 1 111, 1 111, 1. 111·
invidi· 111. a„ 111, 1. 111, 11. 1111 111, 11 w*
111,1111,ι1.111,1 1. 111, 1111111111
invidiae 111, 1. 111, a 11111 sowi. August 111 ‚
1111111111,1.111,1 ipa ιι, ιι, 111. 166 ,
invidum 1111 mu. 166
111111111111 imm
invida· 1111 ⁴²2.ss- 11111111 111, 11
1111 111111. 11111601
1111111. 1111 11. 111, 11 61116*
invia 111, 1. 11111. me 1111, 1111 ww·
11. 111, 11. 1111. 1111
1,)1111, 1 111. a 111
111161111661111

11111111 163, 2
1111111 121, 1
111111 16, 1

 

