VOCABULORUM OMNIUM. 616

16162000 200, 10. 062,12.6111111161640,10. 60117 61111 2007
416,14 6116161604 ,0,10 6116110107
6660616180] 6116161124ομ6 010,0 6101111001. 67,0.710. 116,
1111611410 2 160, 0. 612, 10 6116161124, 4 6.160,7
11116129, 10. 000 0 611611111429. 200, 0 1616111961111611616.
111161 21611697 61161117 10010. 49,6. 47111. 180,4.
1111116661111100,8 6161111211 160, 10. 6762 6101111494
611110 106,0 6116161001. 9112 6106666194, 15
1111120112 61616112,10.200,.11242,1 611161 06 16. 000 4 100,6
1111166110, 4. 90, 10. 180, 6116161012, 12. 642, 16. 664, 114, 12. 6612
1611010 18. 676, 0. 600 0 6116600,Ῑο
611111 16111611 16111 16366 6111161196, 16. 6604 61111 16111000 2 166, 7
101, 10 6111611110οΙ, 2 61111020, 0
1611616010. 19, 10. 121, 6. 61111 1111111160 6161122110
601,1 6011111116 477 0 61111161, 14
2111611700 (10111111 610101 61161010. 176, 6. 006, 11.
1611111111 11661 400, 17 6101111626, 12 670, 10 ’
1111111,.1 900 6111627017 6111111414, 7. 610, 1
0111164612 6166011001 6111111. 09,,7 12 470,,7
1111110012 61666201,οἫ00064002 6116010
1111111100 l 2400 6111611210 6111710
11116100,16. 601, 0 6111666119 2 6111661690
1611111176, 14 &cumcuma 611161402, 10
6111111 1⁶ ¹⁸⁰⁴ 11661191 111ξῖ1οῗ61
16116161 00, 10 6161111 070, 6 4610. 67010 6111161177, 0
1111161661 216 10. 611,0 6166111926 6111010816
111111140111. 60121. 660,61611161060,10 6110106129, 6. 171, 0
10 6161161111 70 6 1111111910. 66011
111111216μο 422,11.101,0 6166664008 6111612111,11.66’1,0.111,0
11111100, 0. 60117 616616 000, 10 civitatem 210, 1
meant 400, 11 6166111 660, 17 611166 160, 0. 166, 14. 206, 7
6611614016 616611Η11611417, 11 6111111610. 260,0
mantum 470,4 61661161, 6111611111, 120, 11 6116111700
murore 62110 61660121,16 11161611600,0
‘ 616611 00112 61116161 42116
616116146οΑ 6116166661 417,4
6166601666, 10 61161146110
61661116 61011 6116111024, 0. 621, 0
6611111117 26010. 207,8.61161614216 69,10
601, 11 6111611 000, 12416, 22. 616,
6111111010 ,10. 601, 0
61631222,Ιο 61166000,6.600,17
ffintemfflfi 6111111 108, 6. 177, 2. 97, 10.
6611 ,
1161100011 clamorem, 16. w. 621,
, . , 6111161070 ll 20
‚ · 11166 7777..·7.¹⁴.⁵7⁹
,14 61161111 107, 0 6111161129 7
6616666002, 10 6111161116
6116164111 61111160, 8. 610, 9, 611.
6116114707 1111111416. 187, 11. 266, 10
61161111 4061 6111161110, 14. 1710
61166 120, 10 61611240, 6. 601, 4. 600, 2
611161111,1.116,6.1111111111111111,11
frequentor 611116 09, 0. 070,16. 661, 11
6116616, 11611070, 4 61116166 660, 10
0111166111 166, 4. 29, 14 6196606οῗ09 lg 12 0611181631001024111. 0010
0111609, 7 6611611 000, 8 611161 20016. 21111. 011, 6.
66161602, 2. 600, 11 6116ω11600,1 410,Ιο 424,11.106,1.662,
611131146011. 1721 61166616111111411,2 20
6111611100, 0. 460, 0. 4068 6616161116116 2 611116 9, 12. 170, 4. 101, 2.
111116 111161 620, 1 11666111611661666, 11 00110
11111111 1116118110 611666166611426, 11 61111661 1210
1111611066 100,1 6166611311200, 10 6111111667,10
611166 66, 4. 170,0.170,2.611666111616616746 6111116690,6
19, 0 61166616111ομ2 90, 10 1111111100
6116161711. 17ομ6 211, 6 6111661611111402, 16 6110161601.Ιο
6111611 100, 10 6111116 621, 0 1116161717
6106111102, 10 611180,12.100,.7 024, 2 61160161200,0

 

