VOCABULORUM OMNIUM. 068

1111311616. mnu mmmm· 6466. mmo ’1111,6. 11616. sun.

uagum

166166 ,1616
646,10. 441,4,6. 466, ’1,311611111. 661. 0611.

11161661. 016, 61. 461, brug. 61610. 6166 66, 10. 164,1. 666, 16.

666, 1. 666, 6. 6866
'ntum 66, 6
1116116666, 6
’16161111 46616. 664, 10
’1116111 446. 16
'tutorum 486, 16
'rutro 606, 4. 6661
’1111611 6061

frugibus 6466. 66616 611, 11. 6164. 686, 6. 606,
ἓξιζὲῗῶῗβῶι, 14 11ὲ1411111446, 16. 401, 18. 600,
1111111114, 11 113116 666, 16

0111616116 611, 16. 646, 6. 666, 13313681, 6. 64614. mo
frumentium. 410, 6. 466, 11111611 614, 16

11116164. 66, 6. 161,11 11. 48664661. 6166 1116661466, 16. 416, 6. 6468
Ι1111111166 6. 4664. 664,6.111111464,11 111118611. 10616. 61616.

660, 16
’11111111 614, 6

’11111616 oe, 6. 6464
11116111. 16
nudibus 611, 6
’1111111 646, 16
’1114116111 166, 1
1111111610, 6
1636111616, 16. 641, 10
1631 106, 1

'regim 161, 0
’1111611611 661, 14
1616161686, 4
'remitum 616, 16
mg θα [Μὴ

1116111, 16111111 660, 6. 68611. 640, 0. 641,

1111111 66, 6. 160, 0, 8. 114 6. 641, 1. 601, 6, 16. 610, .
1111161611. 1464. 6160 16. 160, 8. 606 14.

, Μ1666ω6ωω
4166. 4166. 4661. 4066. 646, 6. 661, 6. 661,6
616, 6. 666, 16 11136611 606,1

frustrum 416, 16 fulgens 116, 6. 160, 6

fruticeto 186, 6 1113611 lum

1111116 6066 fulgente 611, 10. 6061

16116666, 16 fulgentem 166, 10

fuco 100, 6 111361166166, 6. 6160

111111 601, 6 1111361111 166

11111646. 11. 684,16 111366 6666

1161110, 0 111361 161, 16

116111480, 0. 604, 1 11131106, 1

fuerit 666, 6. 666, 6. R, 6, 1113616 664, 6. 6166
ιο fulgoribus 4066

16116116), 16. 166, 0. 140,611616686,16 fulmina 16, 6. 64, 4. 116, 11

1611161161 660, 6. 461,0
requam 416, 0

fuerunt 661,6 fulminantis 1661
61111111 661,11 1111116101,4.166,6

16111616. 61,11.481,6 11366668. 601,1. 464,60.111111161161,6

’16111 11, 1. 118, 4
1611686, 6

'ficti 6161111 018, 10
66, 1. 4666. 4861. 11361664. 6466 1111111,6661.16611.466,10

'rigidus 1160

frigidior 614, 16

ugido 4, l

13111111 166, 16
1131111466, 11. 6066
11111 616, 4. 466, 6

66, 1. 6664. 60611 1161111116
fugacem 161, 6. 406, 1 11111661, l
1131666 66, 1. 166, 6. 6466 fultum 6460

1136111101, 1. 166, 6. 48611. 111116ι 6666
4116161116 Effflzkm
11311606, 6. 6460. 601, 11 111111164οῌ

1131116 664,1 sumt 1068
{mun 11110116 ¹³· ⁴⁴⁰’¹²·

1,...6116 uum 161, 1. fug· 61, 1. 611, 18. 161, 1. 11.... 1116

6664
rigoribus 161, 6

uum sunum 1161. mm 1111.
11,....ρ1ω11111 116, 11. 6161

1341166, 6. 16616. 661, 6. 1136163161600, 16 111111161614

,4. 6660. 6166. 661,6113616,16 .416, 11 functos 661, 11
1611161666. m, 10. 666, 6. 11361611 6,Ιο 11161111464

rondes 060. 1661
11116614, 16

11111 16, 6

61111111, 6. 606Ὴ
1111116666

uus 161, 6. 6664

fugem 666, 6 1116111 116, 6. 611, 4
1136161, 60,1 1111111111 6064466, 10
fugerit 66, 1. 661. 666, 16.11111111614,6

um 1111 1111161
fugi 1161 sudeam
1131111414,0. 4068 1111161666,66
11316101660,11. 641,8 fundi 616, 11. 44610. 666, 16

1116161. 10614. 668, 61. 1131111661), 14 1111116060
666, 1. 61611. 466, 14 111ῗὶοω 614, 14. m, 6. 664, 8. funditus 461

1111611616, 10. 68611. 6060

uatibus 666, 6

11. 111, 16. 1116 tundo 18³,4
1311161111 uado· 6111

’1101416,1.401,1.406,0 11316116 1161. 166, 6. 614,6 fundum 6668

11111114, 6

111 414, 8
11111601, 11
16111111 664,6
16111116, 16
uendi 481, 4

16111 604, 0
13611161 666, 60
136 m, 4. 614, 16

113111161166,1. 6664 1111111661. 1466. 4460.
11316101661, 16. 6661 41661. 614, 6. 661,6
fugientum 106, 1 1116 461,6

11316666, 11. 198, 16. 661, 16 1116616661, 6

11311111 408, 1 11166161616, 16

1113166161 1111611601, 66. 648, 6. 6014
11316661, 66. 6461 1116116616. 66, 6. 60, 10.
11311161 sum 6166. 66610. 664, 16
1131104164 116616111110,1

 

