610 , 1111111

1111141411, 8 481, 4. 482, 2 414, 12 444, 1411111111 &IS-m ¹
1141144411. m, 14. 448. 4. 12 urinalia m, 14

11111 Augustam 11141141ωῶ
14411 241,14.411,14.441,14. Augustus 144, 2. 184 2 anei· 1411 14 «1111111141

444, 2. 440,18. 484, 4 111, 44141. 444 14111411111441 444, 11
1441410, 2, 4. 424, 8. 477, 4. 111, 91114. 441, 8 1411111 1111141449

414, 2. 419, 4. 444, 14. 474, 4 1111141449,1.484,14 1414 14 , 8. 140, 2 141
1411111 2044 1111112444 404, 4. 4744. 4444411
1411111 449 111411 242, 14 141114 72, 8. 144, 4 llll
114111184,2.1Ὴ,4 1111114748 247 , 18. m& 2111 14
144111444228,9 11141442 mmmmm&
144114114419 Α111111411407,4 14118414
141111111448,8 1114114819 14114111 444Ἇ
14414111 448. 4. 4449 1111141 444, 19. 4848 1411481, 2
14411111417,2 1111141194, 4 141114 491, 10
1441117, 4, 4. 44211 111441182, 8. 422, 7. 4749 Antonin 2444
audire 92, 4. 148, 9. 444, 4. 11111 444 141411414114412142

418, 7. 474, 24141, 4. 4444 1111, mind. 212. 4. 244, 4. 1111ρὶ11141 lm

4444 1111. 1441141111 141ρί41 248. Μ
14111111 444, 2. 444, 0 111111141ζ11141441 11111741 1111114111 m, 8. 211, 1. 11.
1411111418, 21 1111141, 14
14111149, 8. 179, 12. 202, 4111111448 111ρί11441474,9

111, 1111, 1111, 19 uiti· 111 1111111141. 11111111
14411, 11. 11111114848 111141 sm 44914. 4448
114111144414. 4949 111411 148, 4. 478, 2 48214 1411111 484, 2
11411 144, 4. 174, 14. 249, 4.14111ἰ1,7.114,7. 149,14.474, 1411114111 40212

44410. wd- 448,1 14.480,17 11141111,11.111,1
1441111441 1111118414 Austri· 424448),Ιὸ
14411114 48, 8 1411114441, 1844414. 4744 441114 462, 14
14111111 148,8 1411111119 Austrum 1249
14411414449 141141 249, 7. 2447 14141, 1, un, 471, 4 M
1441141141 414,1 Aule 4247 421, 14. 482, t 54. 11
11111411141144Λο ,1411414241 478,4
nuditum 94,4. 442, 4. 4448 Aulon 144,4 141, quampluri-ish&
14411111244,12.244,1 Aulus 8111111141 484, 11 1411111, 1111144441
1441111 4124 1411 8, 18. 44, 7. 112, 8. m, 141114 447, 7. 444, 21
1111111 428, w 4. 221, 8. 294, 9. 449, 8. 14141,4.141141
11111111 448,4 447, 24. 44), 9. ms 14141411 418, 14
41111414, 2 11111 14, 1. 142, l· 148, 11. 1414111141 1ΰ,8
uena 4449 184, 4. 40411. 409,4 1414111411 28419
11141114541 14111441 447 autumnus papum ⁸¹¹! θ
1114114847 14111 84, 4. 441, 4 1411 142, 9
Aventino 444, 10 turo 124, 8. 281, 4. 427, 14. 14144441 misum}
,4114111411 4128 442, 7. 447, 1. 448, 11. 479, 1414411141 vis 44414
Δ11141111216,4 14 1111141 ,4. 447, 14
11111111448,4 14111 14, 11. 27, 4. 448, 14. 1141 481, 2. 47412
11111111141,4 4449 mima
41111412048. m 1411124414 milio 447, 14
11111114 28418 1411111 114, 4
1111141420,7 1411117210
1111111444] 141111 497, 12. 410, 1. 470, 7. Β.
11111111449,2 47214. 4429. 47417
1111, 111111. nl, 0. m, 21411411441111141114242 mammos m

4844 141114 substringe loquaci 447, 41141144,2, 4449
1111240,11.444, 14 22 4144141483
11111421, 12. 4449 141141 4411411 potientem 472 4144111141 110,2
14111114 2842 10 homme 49, 11
auferet 484, 11. 422, 7. 414, 14 14 141111 dicere 482, 1 8114111441 210, 2
4411114242 14114124, 2. 14214 814141 46, 4. 141. 1· Ν
ausen 142. 8. 184, 4. 464, 14. 1111012249· 18118 ³⁴⁰. 7

444, 4. 421, 10. 4444 aum 124, 2. 140, 9. 488. 4. 8111141141, 4. 444, 12
1411111114 408, 4. 414, 9. 424, 14. 442, Bacchius 478, 8
448414144411 4. 4444. 4711184848 8144114141. 1444
Aufidum 2444 1411114111111182,2.412,9 8111411414 82, 4. 1447
Aufidus 222, 4. 241, 14. nm 14111 demittit 124, 2 81441141 192, 14
14114414 141411111411111114111411914 11111111411144
1411141 114148 1411441147,1.441,4.404,19 814111 219, 4
augur 7, 14. 194, 4. 411, 18. 1411 424, 4. 421, 17. 419, 29 nuic 149, 14

444, 18. 441, 11 1111114111, 8. 444, 4. 441, 14. utino 447 , 7
1414111191, 2. 1944 44414 81111411, 2. 412, 4
Auguste 24414 auricula 444, 10 81111149, 4. 4744
4411111114, 1. 228, 7. 2447. 1411441141484, 14 4111441217, 12

 

