672 INDEX

011808,,4.8788 101101100111111111101011
(1111111 1,4 570,171.0111001280.15 82111744
(100101184811, 419, 8 (1111001881 80 489,18
quodnurotundiennufflfiffqffl 0108, 2 88, 8. 88, 18 8,10111178,8.418,18. a!
(10011114804 718ομ4889818. 882,14
(101411111188 18, 584,8 888, l (1,0141111288 n
(1011111ωο028,7 (10101110 ,0001101 10,1 100100185415
(10111110 11147811 (101οψ198 58,4. 77,1, (1011110488
(1000,10,.18,.488,11. 81,ι.1,.110,11.ιω,1.0011181110111,1

47,5.88,9,840,8,849,198,8.844,,1488],18.880,(]01111184,8
1827710 8878887 10 18.,,8884810 10111141,2.158,5.ῢ,11
808,.10888,10 qum,6q.qqentum88,.886. ⁵5⁵‚2
(1001 0188,0. 418, 4. 881, 4. 1281 88,10, 8820. (1011100118,8.59,1
88,,44,.,084008.844,’,1148428’1011001848,,8.ὅ218
48812. 55018 (10ιο010100089,2 18
(1001110588 7. 588,14. 888,8ι]0101(10οι101508,18101111854,10
(10111ιο11 8188 «1010011180, 8 (10110442, 11, 18
10110188,1.844,.28858,0010111871008 178,8.(1011001880,8
19.418,1,.,.88545098 180,8188,.11228,8888,(101101290,7
1000045818888124810,841,8.8,,8488401,1(101114-48,0.880,17
11 4484144811. 88,,11 818,(10111841,5
(10000018887 285014 88415 (10111289μο SR} m
(10001888948811 (1010110588. 284,8. 111,15.151,.1101,1.111,.ιᾶ9
(10111194 4 408 7 488117. 888, 18. 458,1, 811.,45918 (101078 8,0 1018141
495,.7 8811710000 10 0000101010 198 848. 87, 0, 80. 5.OE
(1000018088 ,8.(1484,18. 450,1 4 28012 288,.5 68ss
querendum& 478,.7 887ᾳο111001 01509,11,810,19 85017. 2918111.
(1001100188, 18. 885 (1010110101,7,287,17.584,(10,10100(101407 4188
(1011110180, 10. 888, 8. 401, 4. 10 (1011014912. 497,18
401, 10 qumquem 08, 0 142, 9. 179,(1010111851,0,818,8
(111110110100, 18 4. 19818, 80, 8. 888, 4,(10101110882,18.485,4
quamnam 897, 10 542,0 quenquam 1110104411
(1001101150,581,,14.418οᾳ0101188,8. 08,.9 278, 8. 412,,0.8441
(101111184μ1117,2,2881880,8801,0448,5 qumtm616.88
88018. 808, 10. 898, 8.(10101101488, 18 quercetum
418,1. 495,11. 544,1οι]010404880 101110180,1.8 mm
558, 9 (1010111841, 17 9. 514,11
(1011111489, 18 (1010118788 48218111 1001108902
(1011111800, 12. 295,14. 407,(10101111011148101011111,809 8
(1010111 25710 querelam 184, 0
(10116110018878 820,9 1101010181, 12, 1⁹8, 11. 818,0,101111110011818
1110111884,2.888,11. 4708. 887,0472,14585,11,1111,,0111111200158414
500,2 (1010188821, 111,1’1,110,10111111114,6
(1110111171, 4. 21818. 880, 0 8454. 4421, 487, 8.(101110110122Α8
10. 27018. 88081, 407,4. 548, 0 querenti6. le 21517
400, 18. 829, 17, 874, 4,7 quentop 10115582 (101110188818
queri6e2884 (1001010801897,14, 878,8 (1011101οώ588
(10011101470,17 11010101οω48, 24 0011100010 148, 8. w
quero 48, 8. 818, 0. Μ, 16. (10101001, 82, 0. 18818. 18,(1011100011185,15
ς,4845.480,81487018808Ὴο8270101010498,8.581,8
(1011100148, 10 885,,4 8748 879,7. 881. 1,(1110111788
(10001015184 6. 41,.98 447, 7. 48, 8. querulum. 18
(1001110187, 0 471,18,498,4.407,11.5110,(101100101201’,2
(1001141488, 8 8. 885, 11 11111103
(10011002880 (10010011811111011111887910111000. 8
(10011111 880, 2. 484, 7 (1010100111 888 8 questu· 275, 8 871, 15
(10011100111888,8 10011118,8,1’11.88,5,18.10111.7110 11,18 11
quaesiveram, ιι 11111110 11111111. 11111114
10010801, 18 (1011188018 885,7.410,10. 9.100,10,12210,121
(1001101874, 18 410,11,481,1, 558, 14 01181
(1001108885 quere, 11.(1010100111428, 18 (1011010. 487181
..autumn ,10011111 111, 1. 1101 11 111, 1, 10 011118
(1011158,,.,.,8.8781087718(1οι111041’11.578,19 8,01855Η85914
808,7. 420,4 (1011101081448,2 (10111000888
..mmm 1101 111, ι. ,10101111 1108480 111, 01Γῇ

585,80 ‹lu-remma 9,,845 1884188871
(1011111888,18.881,4. 849,0 1011010888, 0 888, 5.

100187088504890 (101141,.,.,.,012708801848 10,1

quali-4³⁶8. 488, 18 8. 801,1, Ἇ,18.278,18.(1011ιο11,
(1011100000018957 88414. 8715 8. 182, .
(101011111018 (1011111111145010

(10111110118.888,8, 857,]1.(10111877,10

9

 

