118 INDEX

11111111. 101,1 ignifluum 114, 1. 111, Ἀ R
11111111,0.Ἇ1,11.1ω,11 1311141111 .110,1.110,1. ,1
1111111111* ,1111131111 ι. 1111111ίὲ
ld· 1911, 11 ignotus 118, 1 illudo 1518
11111111 11111111141111. 184,1 1111111. 11,1. m 1111
idaim 111, 14. 411, 10. 101,111111111.11. 411,1 110, 11. 2⁹, 1. 11, 11
9. 119,1 1111111111, 8. 414, 8. 1181 141, 8
iden prim 11191, 110, 1, 0.1111(1111111,15 illunipnu 449,1
111, 1. 14111. 181, 1. 18, ilex 111,4. 191, 1. 114,11 111111411, 11
0. 181, 4. 111, 10. 411, 10. ili· 111, 1. 481, 6. 410,9 illustram, 11
411, 1, 8. 111, 18. 111,11,1111, 1111. prop. 118, 8. 119,8 1111111111,1σ1.449,11
10.111,11.111,1. 149,14.111111140,1 1111114411
111,1. 110,1. 18118 111111 411, 11 1111111 411. 11
iden, priore 11111, 111, 1. 418, ninu- 1111111 svm myrtois 11,1 ·
1.118,1,1. 18111. 1111111111. 141,1. 111, 4111118.9.140.8.19,11
1⁰ 110,1 imagine 111, 8 181, 1. flii
1411 111, 11 illoc 111, 11. m, 4 iungim- Β, 18. 11111
Idibus 110, 11. 111 , 1 ilicem 181,1 imagini 18, 9
111111111141,11 1111110110. m imginilm ml
1111111411, 1. 181,11 iligna 418,1 im 10, l. 11, 1. 11, n
11111111 1111 1110 10, 8. 40,1. 111, 1., 111, 411, 11
11111111 141, 10. 110, 8. Ἢ, 1. 11. 18811 imbecill-⁴⁰9, 11
114,14. 111, 11 11111 11411111. 111, 14. 114, imbecillus 418,1
1411111112 14 imbelle 414, 11
11111111,1 Ilionam 411,1 inbellem 111, 11
1111114, 8. 00, 1. 101,8. 114, ilios 141,Ιο imbelli 19, 1
1. 111,11. ⁸8⁶, 1. 111,11. nith in 111, 11 inbelli· 11,8. 111, 9. &H
111, 11 1111 11, 0. w, 15. 101, 1111112111. 109,11
‘ im 1111 111,4 111111111401
l: 11114114 illabatur 111, 8 imberbis 111, 11
11111111 immi ...11.
1511111118,11.4Ὲ,8,14. 180,1111111]ι1111448,1 ma m, 1. 512.ss Μ
ipim 01, 8. ⁸2⁵, 11. 14111 ille 110, 11 imbrem 411, 10
ignarum 418,1 illm 101, 1. 180,11. m 1111111111 110, 11

1μω.11.1.11,1 11.... ms 1111111111
1111111188 111111111101,1 inituim&

1111111184 11111 111, 1 · inbuit 11, 11

ignavus 181, 1 1111119. 18,1. lomi, 111111 1111111 481,1

11111111 ar 1111111481.1
igno· 111, 4 111111 1111111 1111111188
ignotum fflepide igal inbfflslsgl, 11 ¹
' , ' 111111 , ini 111, 1
ignem mun 111 iim 11, ..19111 1ο, umam· ini· mss. zu, 1. a, 1
ignem 11, 11111111 111,μω.11τ,1.111,1111.11111111111,11
lgm 110. 11, 1. 1111. 111, illio 118, 1 11111. 11. Μ imitabile ml
1.Μ,11.111,11.111,11, 11. 100, si 181,1. 411,1.11111111111401,11 ⁸⁶²¹
11. 411, 11 401, 1. 101, 1 11111111188,11
igni 11, 8. 18,1 1111111111 1111111111, 1
131111111,4.11,0. 80,1.114,111ῗῇ3111111,1 1111111118,10.411,0
..1111111111 111, {ullssllffia &amam
... „w
131211ξὶ111, 8 {taine} 401, 10 l ι ininius v& 21
{addilae infilimffiliiii'uiffisslssssm
ignom 141,11 10. 111, 1. mo 11111111 111, 1
1311111491,11.140,1 1111111111 1814 11111α111,1
ignom 110,1 1111111 1411 1111111181,9
1ς11111100, 0 illium& imi, 111, lmin- inuitum ml
ignoro 50⁸, 11 144, 18. 4411. 111, 1. 111, 1111111111. 1111. mi
111111111114 11 1111111111ιέωρ
1111111114ῌὸ 111111,1111111191,191,1 inmmulm
ignomnl 140,1 illo 101, 11. 411, 1 1111111111 1111
ignotam 111, 10 illorum 140, 4. 111,4 inmetata 1811
&mlii i 11101.Ἧί ⁸11 immergatis? ι’ 82⁶
iffiil'uissn 1111111. 1111. 111,111311111117111
11111111111111 ,1111111111 {meltum 11
1111111181 illul 114, 10. 111,11. 111,11.11Μι111118,1

 

