, VOCABULORUM OMNIUM 888

1111118808 1818811888 8 18811811, 8. 818,8
1111181188,1 181 08, 8. 888, 1. 818, 101811118808,8
1111111810 881, 8. 888, 8. 818 8 1811018881 188,8. 80,8.
11111288 881,8 1811088018 888, 18
11111118818’80,18.881,8.181111111811111811111888,11181111111188,8.188,]8. 888,
888,8010,18.’881,8 npooiomm.2³m,l⁶ §.mmmm
1111180210 1811111111111181111111881,1 18111 881,8
818111111888,11 1811111808 8 888,10. ’881,1811111288 108,.1810,8
1181181,1 12;.,80088888 18111128ομ180,2
118111811, 18 181118181111,11.111,18111111111
1181118008 1.888,’18 18111811108,1. 8881
8111111181 2 1811111111881, 18 181118118188, 8
11181480, ’4 1811111111 818, 8 18111811 182, 8. 188, 8. 888, 8
1118111808 8 1811118111 810 8 181118181888,18.881,18.80,
1111111810, ’25 818, 18 18118111188,8.08,8.881,8 18
11111111111881, 18 181181811218, 18 18111818118818
1111111888,1 1811811111 880, 8. 8180 18111818111188,8. 188, 8
11181881118, 8. 08, 88. 801, 1 811,1111111881 1’. 881, 0 18111818111810,1
18. 888,1’1811111111111 888, 8 1811111111 881, 18
11181818118,8 181181811881, 8 1811181111808, 18
1111111111 181, 11 18111111888,1’1811111212,1
1118181102,8.180,11 181181118οΙ1 18118111818, 11
1118818811,2 8111118181818 181υὰ111880]
1118181188 8 182 8 881,18.181111111180,’8 1811111881 8 8801
828, 82. 88181800 1811111181 511 ll 1811118181
11111118. 181, 11. 818,28.18111111808,1. 808, 8881,,818111110’8
881,1’181111111881,8 181111111880 8
111111181, 11 spectamen 1811111188, 8
11111111 82Ἰ, 18 1811810810. 81818. 8888 1811111111,1.811111111111888, 18
111111181,’11.118,11.188,18111111888,.1 818,8 18111111,1.1.111 spondendum
17 spectator 888, 8. 818, 18. ”888, 8
111111881101, 18. 881, 18 811, 8 18111111 181, 8
sommum, 4⁹ 18111111111888,8 181111111808, 8
111188, 8. ’00, 1. 800 8 1811111111 8102 8818 1811111281,12’
11111 188, 11. ’808,.1 208,18,181111111118828 181111 888, 18
88010. 454, 12. 591,19 1 18111111,11888 12 squinum
,1111181 ,.,. 11
111111 111111 881, 12 18111111 2811, 8 111111 8111, 0. 880, 8
11111111 18, 18 181111808, 2 8118111818 18. 818, 8
1111111’,1811111 181111,1118.20,1. 801,8.111111111810,11
111111 1,18 808,.8’818,11.888,8. 888,111111111808,11
1111111888, 10. 888 8 0. 81118. 8810 1111111882, 11
sermome 111111 menia, 1111111 818, 1111111111 12,8
3311110112 llo 18111111111111ι 11881, 2 1”11’111”.8111”11’111111880,8
8111118841 1811111111888, 1 111111 8800
8101111811, 4 1811111111 880, 8. 888, 0 11111111 80, 12. 888, 1. 888,1
1111811801. ’8111 1811111811, 111. 282,8’ 1811112128
1118111118, 1. 81118 1811118808 1111118808
1118181116, 8 181111181.118,18 11118888
11181081 8111181 11111.οι
1811811 888,818111181,10.2888 11181 881, 18
18118110, 8. 848, 8 1811118188 111111 182,8
18118111818, 8 1811111 8811, 18 1111111 888, l
mmmmm 18111188, 1. 18, 8. 808, 1111118111,8111,11
1811811108. 888,18 88881808 11111181088
1811811088 18111111108.188,8.188,111111118881
1811ρο12800 1111111,1111.08, 18
1811888288 1811111018. 188, 8. 818,1.1111111112118. 888,18. 818,0
1811811108, l 888, 8 1111118181 818, 10
1811111801, 10 181181, 8. 22⁵, 2. 888, 1011111181, 1. 818, 18
181111111121, 1 881,’11.818,18.818,8.11111118080
1111118011 8108 880,18 11111υ810,,12.8818
811111111188,0 1811, ’8111111288 2. 888,1..1111111181,11 10,Ἰ,12088
8811111881οῘ, ’8 8811888018 11111111 281, 8
1818111810, 8 181111’800,18’111111111808,’0
18111111421Ἰθ 1811111808. 811,8 11111111881, ’11
1011811108 001101 1001181.
181111 11111 88, 8 11811011 850. l 8011011 88811

 

