VOCABULORUM OMNIUM.

1111ῗὸ ²6⁰ 011
13111110400

1311112012. 4007 000,
33363636, w, 12. 042, 0.

1111111811 100, 10

1111111411042, 10
1111111 400. 10 .
36 1111110700

0001111111100014

0008 401,2 2,.400 0.1111111104,1
44010. 40020. 48017111111112000
004, 22. 081,10.080,1111111111144,12

0800

11111111101111 221, 7

13111 20,11..,0.070,110 0. 111070, 10

111μῶ 112Ηο 41, 7. 400,1111111141200,10

13111111 172, 1. 420, 11

13111100, 0. 008, 0
1311111071, 10
13111111 424, 0

1111110004, 20
3n⁸ep6333 280, 0
111111111111026, ,7
11111818
111111111100,1
11181110, 2
111111100011
1111114 207,4
11111114 1111111 074, 4
inseverit 042, 11
11110111 000, 0. 044, 0

1111814200. 04010. 00011110111111114402

14

1111111200. 08018

111111 001, 4
111111 001, 1

11ιί0111400, 10
111141111040,8
1111311014. 2007

11113111000. 707. 701. ’

111143111,1.111,1.111,11.10014101

2 02018
11111111077, 14

13111112004. 007, 7. 080, 41111111111248,0
1111111111. 181,1,1 181, ...1111111111 11811

1111. 111, ’.ι 111, 11111 1111118111
01111111. 111, 1 1111. 1111

1311111 008, 11
1311111001,7

471,Ιο
1311111 180, 4
131111 08, 2
1311014000
1311111 000, 0
13111 000, 0
1311110041, 10

1111111440, 2
inquieti 100, 0
1111110128οΛ
1111111111 044, 10

11111111111170,7

11111111ιί1001, 0
11111111οΘ0, 0

1311112800 201, 10. 078, 3' inquiram 410 0

11011404, 0

1111201, 17
1100041111 ’
11111101οΰ0, 0
1111111400 8
11111111 00010
1111ρί01111 04, 0. 20010
11111111ιο24, 14
1111111117,1’.114,12
41ἓ110002,4.0007
33333068, 10
1111111400 1111

0008

1111111281, 8
1111111040 42020
111111100010. 41014
1111111011 001, 2
11111111 002, 0
1111111400, 0

1111120 0 002, 7
1111111047 082, 10

1111111 333, 11
1111111140 4
11111000, 0
1111148, 3
0111140010
011111, 100, 0

1111111111 042, 4

11111111 1181 ’
1111311102, 2
11113111420, 0

11111 111 001, 0

insistet 207, 0

11111111 200, 10

1111οι1 207 . 11

insolubiliter 000, 2

11111111 14, 10. 428. Μᾶ
1111111011 00, 4. 220, 10
insolenti 07, 0

1181111011 000, 17
111111111201,’12

1111110008. 000μο 4100 1111111111070, 10

inuit 027 0. 000, 0. 004, 1ῢ1111111111742
..0 041, 10. 047, 20.’ 1111111142, 10. 070, 20

000, 4. 0820, 12. 084, 0111111111124017

0. 410, 4. 407, 8. 010, 18. inspersos 070 24

0004
1111111470, 0

111111011111114 08110

11111111 478, 4
111111140410
1111111111000, 20

1111114001 424,1. 404, 01110101204

40010400,Ιο

inst-1133· 100, 4

111111 42, 2. 000, 8. 418, 4. 1111112000

4800

1111111100, 0. 4200
11111101, l. 04, 0. 81, 8111111811111000

1114111,2ι41)8,,.,10.020140800.

111ίί11111408, 10

1111111101 11 1111111177 10 111111111407,’12

11111111 040, .420, 2

innita 000, 0

11111111 107, 10. 417, 0. 418, 1111111111447, 10
11. 427, 3. 400, 12400, 0. 1110111471, 0

47010. 007,11

111111111011002, 10

1111111111. 362, 0. 400, 10 1110111000, 8

111111011ιο 410, 10

1111ιί118 421, 0

institutio 170, 0
11111111111211, 10

1111111 000, 1. 001, 11. 002,1ιι11111111400,0

14. 417, 0. 402, 0

11111111 000, 0

11111141010. 480,Ιο
1111111 200, 2. 410, 0

11111 481, 4
111111ιί1 080, 4
11111114111020,8
1111114042, 10

11111111 007, 10 410, 0. 421.111111118111048,0

0402114007

1111101040, 0

01111118,40. 110,0.047,7.ἰ111111008, 11. 410, 0. 417,1111(411004,1
0. 420, 20. 422, 10. 420, 0 11111111000,18
11111111 4018. 412,.7 410, 81111111200, 14

4104. 007, 10
1111111000, 6
1111100, 11
0101101000οΗ
1111111180, 41
1111111 000, 33
1111110400
1111110000
ojanum, 0

480, 8
1111111181, 10
111111110014
1111111111410, 0
innectere 368, 7
11111111000, 10
inmun 36, 0

· modinum

’11

1111111 240, 7

- insultet 100, 1

1111118111ίὸ8, 21
1111111811 410 0
1111 ρ,11440 8
11111311288, 0
inubuiueut 270, 18
1141141 440, 0

 

