001 INDEX

111111101015 1111111101. 105,1. 010,1.111111111ι5111055,0
vindice 5100 015, 10 11111109, 10. 77,0
vindicem 0000 1111101000 1011115108
vindicta 150, 00 1111110708 1111100),1. 10015101
1111111800, 1. 10010 11111111107,0 vit· 011, 8. 0500. §.k
1111111101 1111111071, 11 070, 01. 071, 10. 080, 11
1111111101,17.018,10 1111110008 mo. 1105. 1501151,
1111110, 10. 111,1 . 007,,01.1111111111111501,10 817011. 5008

110, 0. 008, 0 111111100, 10. 08015. 5110 1111011001. 110
1111111001, 0 1111111110008 1111511000,1.501,1
01100100ομ5181,8000,1111108,8. 00010. 120111111011118. 501. 00

10.1’10,1.101,.,101057. 001,Ιο 001000000111011

5000. 5100. 0107. 088,1111111’1510,10 1500. 050, 0. 1708111,

10 1111500. .117,.1 1700 180, 10. 01010. 501, 11. Hm
1111111507,11 00. 505, 10 557, 8, 21. 5801οἢΙο
11111111 170, 8. 0005 1111111185,0.100, 11. 118, 8 087, 10
1111111101,8.100,10. 50018 81ομ1 8101. 5500 111111155, Ἃ
1110111000 Δ 1111110018 007. 0 1111111100, 1
1111111800 11111100,5.101,0. 151, 11. 1111111110 10. 100 lunt
111111110011 1500 1100. 001,.1 011,111,11’.101,11.Ἀῖ.
11111111100,1.015,0. 0108 50011
111111017. 10 ,0 00011. 011,11111111ἰ111,1
1001111000 .,010 0. 085, 8.1111111000,’1
1111111000,1.001,10,.10 108,1.110,111111111108,8
1110111008, 11 .’11-1,10. 101, 8111111557, 10
violenter 0, 10 .’1’88, 18. 001, ’11, 1111150, 1’. 101, 18
violentiorum 1111111111. 111, 1111111111 mr· ⁵1⁷¹*
1111111100,1.110,0 0801 081,1’0
viperinus 011 0 11111111111111111111111111011111111 050, 8
1111111110811151101111011)11111111101111111111011.1501111111113097Α
111 1 11

101, 5. 000, 00 810, 8. 001, 11111111111111111101170,8 111115, 8. 88 0

10 virtute 00010. 00011. 000111111111111001
1110111110000.100,10.010,11 0000. 111,οῙ 110, 1011111111100, 10

1,.,18511Ἰο 150,15.’,’,.5050.5007’510,11111110,10.,00710
virbonus 11 111111151010105001. 500, 10. 581,1. 1011111511

580, 00 085, 10 vita, urbi 07,10. 252⁵
1111110000 1111111110οΗ 188,,110.111ω1;1111.500.401,2
1111101100, 0 500, 00. 5001. 500, ”10 11011212.383,111011
virentem 018, 11 · 1011111050100101051011111189, 0. 0001. 011, Ι
virenti 01, 0. 001 1110111100, 10 0100 15
0111010005. 070, 7 1111101111170,0. 00010. 5000 1111111100, 10
1111110015. 001, 1. 087, 5. 11111101 007, 11. 071’, 11. 171, titinio 000, 10

0000. 088, 0. 8000. 088, 7517 7 1101111111ῡο, 17

5. 000, 10 1111101111111510, 10 1101111011, 5
10111111115000 1111111008. 151,8. 150, 01111118, 15. 0100. 01111-
11111107Μο0810 157,1.,.’,518810001.,01511.5’50,,Ἇο1.’057,001
1111111108005001 8.570,1 001000 10005111
1111811100017. 5001 11111011, 0 5001
Virgilium 100 1101111111, 100μο 101, 10111111 inguen :lin-qum
111Ξ111111001,0.000,0.010,1110100100 0508. ’001, 111111, 0. 011, 10. 0811

00110 5007 007018 0815080Ιο infamiam

1111111001. 0000 000, 11 0. 100105005. 1018
111 10111008 111, 11111551 00011. 000, 0805
1111111111,10.11,1.501 11111 1111111111111111111 111, 11 101

110,.5180,10808,5 150,10.451,.10158,5.1118, w)
111111115111000. 117, 0. 001, 17. 100μο 1001. 018,10.111111110011.115,8

ι 10 . 558, 001. 500, 10 vitiosiorem 170, 0
11111111007 111111115011 vitiosum 151, 10 19111ι
1111111117. 0. 005. 180, 8. vin 00. 85010. 5000 050, 0

187, 10. 01011. 0100 visam 111, 11. 10008 1111111185οΛ
1111111500 viseerum ³95,ss 11011501. 0000
11111,οο1 1.101,0.111,1. 180,1’1111111080,0 11011150.ιὶ terii&

111. 0001. 1001 111111110011 1111111, qmjtpbr' 1111891. ¹
111 ²⁰⁶ 111111. ... ..

en 1

..11111111111111 1011101111 a 1111 111, aust
viimam 1111 1011111110 11,.11 111,.1 111, 11111 msam

00010. 00018. 50010. 8.008,11.080,15 nuum 1111111111Ιο

000, 7 11111181, 10 1111111011,1ο
virides 10, 10. 00, 0. 017, 0. 10112101 vitreum 11, 11

80010. 105, 11 visu 801, 17 1111111000, 1

 

