664 INDEX

6616666626 86114466 nmmum
dopmno, 1. upum 1611126614 utnon 766
661ρί16, 1. 616166 111611 242, 16. 61616 66116161 666
1611161. 11111 enm 426, 16 66166611 116, 4
6111111116, v. astricto 1116116 2464 1111661161 ma
6611116116,1.1111161116 11611661 127 ,4 61161 44, 6. m, 2. :a 1
mingitur, 1. attingitur 6161111122, 16 477,7. 498. 2. 666, 11
16166116 ffl, 11 616116 2666 16116616611466,11
1116166469, 17 61611616 m? 6161 virilis 674, 6 ’
16166116664 6661166,16.147,12. 64612. 6116 w, 2 82, 6. Β, 4. m.
16166166 2662 66616 7. 162, 12. 176, l. ”A
1611111 467, 16 oquae, 6466 266, 2 296, 6. 297, 6 a
1616116 111 466, 21 11666161 22, 1. 261, ¹⁰ 12. 667, 1. 666, 14. m
6611111661, v. ueram 6661112161 476, 4. 486, 12. 062.
66111111111 66611. 6267 1166116 67, 1. 424, 6. 6666 1. 661, 12. 666, 16. 661, 1.
armi· 626, 2. 412, 12. 476, 6661161661 667 ,7

6. 66616 16661 647,12 1116116161, ⁸2«. “ lm} ,
11116116 4267 666116 6661 611166 66611661 ,16
66161166261,1.676,11.474,12 nque 66 41612. 476,1 611111 676, 6
avexerit 4666 eque 41, 4. 164, 11. 1764, 6. 1161116166, 4
166116 161, 2. ml 471, 16, 611, 16 476,1 616166126616
1661111 646, 11 equi 646 6 eternis 117, 6
16611116166,2 equis 422, 2) 1161116161, 6 ,
adulteretur 2664 oqui· 1616111 676, 11 aternu 66, 1. 116, 6. 266, 6.
66611611247,6 uo 16, 6. 66, 2. 161, 6. 646, 661, 16
1611111111 1666 6. 666, 7. 62616. 661, 2). 6111616144, 2
66611116 77,1. 666. m 661,6 6111116611, 12
1116116161 66, 6. 171,4 aquo 161616 4166 6111116 1 176, 6
adultorum 27616 16661616666, 6 AEtnn ,11
166666 6664 Ἳ6ο1 26, 11. 66, 676. 6.11·11666166,7.ω66
1111661111 2564 71, 11. 2661. 466, 7. 478, 41611, ⁵24, η
16616161666 4 evi 117, 6. 464, 22 627, 7.
14611276, 2 Ἔτι 14, 6. 67, 16. 146, 6. 6466
666111 666 ,11.266, 16. 266, 6612, 11666, 1. 66, 2. 116, 6. 164
166116 46616 14 7. 666, 6. 674, 16
161116146616 equore 6, 6. 26, 16. m, 6616161666. 166, 16. 24614 1
661111 41,2 427,11 612, 6. 666, 4. 672, 2 Ἀ,
66611666 1666111161 2661.245.12 2 476, 16. 466 6. ff, 17.
161661612611. 2466 1666111664216, 12 662,16.644,7.664,6
6616666 equum 666461611 Momm
66661762. 16612. 66612 666616 611666,11.644,16, 18 161161266
ndu Ιω, l· 49114 ae um 84, l· 1⁹⁵, 41219, 96 ³1²! lffiss' QZ?
‘dibu‘ 46817 Μ, ¹⁰· m, 91 m, ⁸· flffmt AEoe‚⁶
ndifiomte 46616 664, 7 afferet 126, 6
66166616 4266 141111,17.461,14 affert 46611
61116611 4666 1111 41, 6. 246, 4. 671, 6. 48⁸. 6661614662
16111611 4766 6. 46611. 646, 17. 6666 16311 4666
661111426. 16 6111114611 nmmum, 16
11611661 646, 7 tntu 162.11 affin 166, 12
AEgno 161, 2 aem 166, 2. 6664 1111111626, 7
6131612262 1116 221, 4. 661, 6, 6. 661 , 12. 11146161 4ω, 6
Qum w879 1445, 2· ¹121, ⁴· ⁶⁶¹. w· ωε, ..fluenta 2⁵¹, 1⁰
1136142616 16. 666, 7. 6661 1111114161
1111662616. 1666 161111 666 166111126616
65116667 nris 646, 7. 446, 16. 476, 2].111111111266,11
agrimonia 666, 16 466, 6. 646, 146761 111166661166466, 14
6311616616 26614 erugo 666, 14. 6666 Asuui 667, 6
1111116167 1166611662, 16 46161167, 6. 244, 124166
egro 462,4.641,16 a· 16, 6. 666, 12 Africo 162, 16
ις161666, 16 1411661161 644, 11. 5⁸⁰, 4 4111616616 266, 12
1316616466, 64664 1.·16616,6.616616 1111161122), 17
6316141 w, 6. &A 6166142616 Africo 666
agroto 47616. 476, 21 6116661 66612 Africum 6, 7. 16,6.Ἇ6,6
‘W’ ² m, ω· 1666111116 11112616.

1 v m t · t

,11111967 61111661 467 Afro 16616. 166, 7
AEnilium 66616 1116111 4666 agam 17611. 276, 16. 141, 6.
61166616 666 611161166616666, 16 1861741616
1116611267, 2. 62626761 1611114667 Agamemnon· 2466
66161111 225, 16 111116646616 1161646616
1166112266 611611 161, 24766 1661166164666. 661, 16
anulo· 161, 6 utum 162, 6 Agave 4664

 

