VOCABULORUM OMNIUM. 667

[11011162126617 11716181,2.216,,6.Ώ7 6060 1111681, 16
11110106,11.176,6 6. 2667 666, 2. 666,16.1106100111111’6,6
1111οη021616 666, 6.’ 616 6 666, 16. 666, 1060011101 172 2
1110111267, 7 6 676 6,12. 686, 16. 666, 6061160100 672 6
1111612, 12 6. 612, 11. 662, 6. 666, 11011111610021716
[11016118 66611. tw, 16 00611010101110616,11
1110066717 mimum uun 62111 0011100657, 8
11006612216 animust ,6. 126,’ 6. ttt, 8. 1116110626 7
11116816 266,6...268126ω,66’62,006111666,16
60126116 6661, 8. 676,,1266621061111256,16. 6216
1111126116 662, 2. 676, 2 11611110101626, 6
1111006112.662,8.221,1.ιο101101ιι1ι’666,7 ιο6100622,6.6’76,6
”126, 6. 618, 16 minue 000 10 effugit 1091101 1106011766
1111101218 6617 601001221’,.,62616
1111616617 ι111101110109100016666 60110101 1110106116
0161111182, 6 001011111000111010101001116. 1061126116
1116112616 ,601011 0116 1160116 616. 166, 16
19161261, 16 nubunt ,6 0111166216
„ateste ’ mettium& aunem 66,6.,.2661
0011111111010110101101110001,90111.0’119.,2662 66126. ,1666111
neuwen ιο01,ἰίοιι.91ιο·.,1266.,’666,.111061111ν11.286,.6266,2.
0006211 66116. 67112 252,2
001001 2611 600160126111. 267,6 0001112116
10100010 26116 Annibalem 1111010118, 16. 172, 2 Anxur 6611, 16
1011161611. 66111 .6001111111266, 16 6119116212
0111106116 00168216. 6722. Μ, &Ape 11026112
0610002612 6611667111 .6”’11011001666,16
1601101616 0010766176,6.166,.6 266,Δ1100010112661
1111226,.16’668,16.626,16 6 61212 66216 666,,61110166.,.,216,6.6661618
1111116116 12 6. 668 8 662, 16
111116212 ι11000111100110101110011666,60110160668, 12
011262, 16. m, 16 101000 61712 t peritM5,2
1110001101 21611 0000102218 0110111 6618
11162116 1000016112. 116, 162116110161066116
111101116116 261, 11. ’,2666 ’666, 66211 110,ι·10626 16
111667, 16. 616 6666, t 16. 6666 7 666,12.666,1110161676’,16
tw, 26 22 11106016826
Γ11061617 100001 0011110166, 6 apertum 186 7 266, 2
ruem 6762 ι11011101011101626, 2. 11100 Celebre 16212
126 2 182, 12 6000101111110 66116 0111000176, 2
1116111812 100100111111 216, 11 0111000261 6
10102116 000101011291,7 1111016112
11110166, 126616. 66117 11116110666, 16 1111122116
11061662,ι 16 01111110126616 1111111086, 6. 266 7
,111001166666117 1100001716. 'tm 626,16.Α1101110111226,7’
metieut, 8. 278,’7 676,12’.662,’16.666,8611011100181.666,6
11110 661, 6 627, 8. 662, 2. 66116 11101110οι012, 1
10111166, 17 111101 1611122616 1101606616. 266,.6
1006012 annulo 6110110111267 266116,
77111110* ³¹ ¹⁶ ¹⁸⁴ 61216116 ⁹ Mt ’16116876
ffiffl'effieffl MMMMMMMMffli? ι 1110616011662 2
1111116666 ιιιο,1ιιωιροηιιι 0110010 0111161111 87, 7
000101026816 01100101626,2 1111001166
11111,1.070,11.111,10 1010016101 2616 appetentem
1111, ’121111ζὲ M: :Me ’1111111110 1113111111 11. 0101
167216. 676,1 00101001ιά61 6616 :watonem .6096 611, 16.
081151ἆο91.ι .,6666.,6661.666,αἳιέιιό,τ6,62116 ι,6766266116νῖωὸ
0 001.
11112666. 666, 6. 66116. antecedentem 162, 12 1111101162εᾶ6 67112, 16
26, 16. ’686, 17 10611111628,6 011110110268, 11
00 66,6.162,16.262,16.ι110101006066611 111’1’1’01101626,6
66,]6. 110,1,100,1.170,0111ωεσ,1 ι11110110617,’6
2.’,.66866’86,16 0110116812 61111668,2.,.,686166266
00077, 2. 18112. 666, 21. 1010118116 611”’1’110268,6
76, 8. 62611. 671111110010266 61116101 2711
82 8 68111 ,6060016718 1116111666, 16
motum 66, 6. 676, 12 antequem 212, 2. 2116 Appius 2666
1101111116,8.166,11 11100611 686, 12 0111111001 182 2. 612, 9
nun 62, 6. 68, t 62, 6. Αο6011101616,12.626,2 npptonnew, 12

 

