VOCABULORUM OMNIUM. 521

11811181181818111 debentibus 111, 11 15⁷, 9. 219, 9. 498, 15. 589,
1181811199, 8 (18881 18, 2. 21, 8. 188, 5 8

11811187,8.188,17 8888158115 8888181887, 18. 811, 16
1118141818 debetur 211, 15 (188188888111841,11
8881115789 debilitnt28,1 8881818899. 8

18168, 8. 225, 5 1188111686. 1889 8888818 519, 8

ente 518, 9 debitn211,1 decuit 519,19
11111 858, 8 888118 888 888811888811, 8. 8888. 8987

Danubium 251, 9 debitor 215, 1 decurrere 88819. 4987

’88111 25... 1118 1811111 11181111 ’111111
ec 88

,845818 57818 8888118181. 491,.9 5188. 215,-1 8888 811,.8 418,

1818517811. 85, 8. 4588 588, 4 11. 529,12. 581, l
118888. 215, ll. 295, 8.88ω811448,5.519,18 (1888818886

ι454, 14. 521, 8 888888 5514 8881181419

1118888889 decedentia 1811 dedecet 888

11188181 218, 11 88888818 5587 dedecorant 559, 5. 888, 18

nent,1.7s’,.1 129,5. 156, (18888814889 88888811885,5

1181,.1 192, 17. 895, 18. decedit 119 11 (188888188171, 11
111,1.111,11.118,1. 441, decedunt 1951 1188 dedecuitl29,1

8. 48818. 514, 14. 541, 11. 888818 888, 6. 88817. 841, 8. 8848881858, 18. 418 8

581, 7 111,11. 522, 8 (18881181484,4

1188118811 441, 11 December 289 5 dederim 8584. 2815

881116119815 Decembres 19518. 588, 14 88881181881

118 iucem 512 6. 598, 8 88888811485, 22 (188811184815

8818818188111847 decempedis 129 1 8888188888

11888888 8888111484. Q& 858188888188118888585

1181888. 885, 4 471,1 (1881119818

18419,.1 4881. 498, 4. 548, decent 189 19. 191,l5. 559.15 dedicatum 12 l

7. 55817 (18888815588 8881881611, 7

1188815. 86815. 4859 decente· 121. 215,1 8888888841, 5

111887. 579, 6 decentius 551, 7 88811881548, 15

1188881. 888, 88188. 581, 8888818887 8 8881157, 6. 789. 184. 8. 888,
8 deceptnm191,9 11. 8485. sam, 9. 888, Ι.

11147818 decep 1818881. 525, 22 8118144885. 451,11.1515,

111111,18.181,1. 559,5 888818881867, 11 16. 554, 88. 598, 11. 5881

1181881881884 5 doce rpcrc225,15 dedit poennn225 1

1181611.167,5.585,7 88881818185 8888884885

1181117411. 484, 18 decertantem 199 dedocet95 8

1111881, 7. 251, 1. 112, 2. decet 12 4,.6 61, 11. 189, 18. 88888118 8849 885, 18
8588 8847. 8988 121,1.522,l2 deducere1218

1111811811 deciderint 219 18 dedn01815 8984

1111811788 888181881848,9 18188881888511,1

ntum 8881. 819, 11. 458, (1881811881, 8. 525,1. 588, 88. 8888811569, 88

17. 558, 15 591,1 (1818818191

1188 51 '1 (18818881 11818 deducte 188, 8

*luni 85817 decies 899, 6. 841, 5. 4881848888115785

1181111588 488, 1. 581, 9. 585, 5 deductus 222 19

8111888, 8. 8488 1188188884 dedncunt292, 2

81881888, 5 888181881565, ll 8888888188

1118891, 2 decipit 589, 4 deduxit 479, 21

111811 458, 18 decipitur 121, 5 888111 418, 5

tenne 447, 18. 155, 21, 818. (188181881848, 15 (18818 885,]8. 897,18

461, 5. 578, 4. 577, 17 deciennegntin195, 18 8881815885

88111111 8881818 pennis 55814 (18188818888, 15

1 die, 818. 292, 5. genere 8881881111 defendam 21l,29

811884, 7. lucc medin 518 (1881811168 88188818855,8

5. 18818 1118811427 14, 479, (1881118818, l 88188811575,9

5 487, 8 88881811181818, 18 8888888488

nte fabula „untur 321 ιθ decoqueretur 481 1 defendens 4884

itenere nngni 171, 8 88881117, 1. 578, 9 defendente 288, 5

1,ιῖ985 8888188811, 22. 515, 8 881818818811,4.444,11.589,88
8848114186 8888118888. 181, '11 88188818 457, 11

1818888181157888881118 71, l defendit 48, 7. 225, 2. 251, 11
,8811188817 (18881118 189, 7 defensor 444, 7

8811 588, 8 88881111 551,6 88181586, 1

’8888181188 8888111489,7.498,8 8818111 551,9

1881111145, 7 88881881188,7 deferens 95,8

8811181567, 9 888811 181,8 8818181 471,5

1881888848, 4 (1888111 881881. 4587 88881881488,9

1881111888 (188818 2287 deficiente 1818

1888111566, 11 (1818188787. 148, 1. 151, 7. 8858115887

 

