VOCABULORUM OMN1UM.

1111111544,11
1111119187 flou 411, 19
111111941,1.559.919 91111118777
1111111889. 91,194 .995,7.911191111,.9 951,.7 499,5
99819. 975,7,991,5. 99894111111131 549, 7
9. 491,8, 14 4984159369, 541 Τ1ιι,1,1.111ο14144,9
55815 5415 1111119119, 1
11111117,4. 5911. 9,95 81141 7115. 179,.7 99815
99919, 951,4.1,11. 541 115411945, 15

511111 844, ⁰. 578, 1

691

5131119998

91311111554.8

fingere 954, 1⁰. 519, 9, 555,
18. 555, 9

913111111111549,4

51311115887

fin 31589, 9

5131145815

5131111171, 1

5881 5411111101, 9. 991, 7. 4484 ⁰¹¹ 02⁰7. 15

1111519, 9 54111158814
1111 914, 1⁰. 985, 8. 417, 19. 1141111585
⁰⁰⁰,2 ⁰⁰⁰ ⁰
1115119985 487, 5

1111111 195,5
1111111111 199, 4
11111111111919. 98814 ⁰⁰⁰. 99
1111119159987,11.851,15.941111.1,15114111588
97815 8141111599, l
111111311411111199,9.41,19.54111115119
1581819819. 499, 5. 54111115981
454,5 9411111157,5
me.⁰
1111114489
111111111ιὲ98, 7
1111119955 4799
111114195819, 4114, 14 941141015
1111141955 8 9411111899 519
1111141111989, 14 .947,
1111141191 997 5 ,1
1111141199, 19 ,
1111411199 5 54119985. 4185
9111411955, 9 9411, urb. ⁰⁰⁰ 14
1111141171, 9. 898, 9. 579 5 541187,5. 995 5 5989
111111947, 14 5411458111
1111111544, 4 ’ 5411111989
111111195199,19. 99819. 54119499 5715
95898. 4189. 57819 51111111,1
1111111 pro 1111111988
1111111191919
1111114811, 99818

9411114989, 551, ll
941911159514

59817

1. ⁰7⁰.

91111555,5.,5854

9111999 9 898, 9. 9589
511187,1

⁰⁰,l.l,
⁰.

45,9
5411111181 ⁰. 9911185111,

511 1111 1⁰, 9
5111149815

5411111114, ⁰. 995, 18. 574,18511111197159,19. Μ, 19.

⁰⁰⁰. 4
911111,558 1

11,111,.1’..111,.,.1111111111111’ 111. 111111. ,
111...111111 1,.1111111,

⁰ ⁰⁰⁰. ⁰. 588 9
51111111 995. 5
finitimum 997, 8
51111148 4 555, 5
finium 95814

541147, 7. 55, 1. 51,,4 195,5111111111851,9
41989 9185, 997, 7851111114985
811,19. 478,19.119119544715.555,19

5111111157, 5

5111141Ἇ5,8

5111199819

51.1111954,14.457,11.591,8

519581. 551, 9

51111144,1.198,9.944,14,

51, 58, 19. 999, 1. 995, 8. 997,
8. 99815. 415,11. 49815,
5589. 555, 9. 589, 7. 584,

5111197811

5118785

1111197817

51114785

91111499, 7. 517, 4

11111111, 19. 479, 9 ⁰⁰7. 8511189, 1. 418, 9, 418, 9, 551, 1511451391, 11

1111111111549, 19
1111111511, 11
1111195819
1111111984. 185, 19
911154814
1111119785, 911,18
5111111588 974, 5 19
11111191815. 9594 91111914,8
111111941, 5. 984, 5 finan 978, 5
111111111545, 1⁰ 91111199, 9
11151115999,19 51111811, 178,
1111111111 4758 99819. 995,
1111111111.9.419,11
11151119511,19.417.11.459,15.445,
19. 517, S. ⁰⁰⁰.1⁰. 57911 5885
111111 9799 491,18. 559, 1⁰. 5111949, 19
5788 577, 19 510 5499
11111915, 9. 549, 5 9141119, 9
11111197, 7. ⁰⁰7, ll 9141144415
1111111459, 9 51141111 591, 4
1111111759 188,9.195,11.51411951,7
485, 8 9141119119, ⁰
544815

51149 9 ⁰⁰7. ⁰.
51199817
5111457, 11
5111558911, 559, 15
Muranum. 5
51115514

15. ⁰⁰⁰. ⁰⁰⁰1. 19
531 1891
11311995 9
11311189
91145488
111985

5844
4887

111, 1
1111111, 1

1.,.49151
959158Μ9419ἓ497 5111111495 ⁰⁰.1⁰. 991,,14
4.459,19.,4555. 9985811811, 9585.

fflmffi.m
91311111 979, 9, 994, 7
51311119114.947,19
93ΜΜ,1
11131111 1⁰⁰. ⁰

9131111111 94818 441, 9

511197,,9.41)5 1ffl,1⁰.4⁰⁰, 9131111988

513111159, 19
1113111111, 1,1 111
513111111 185,1
913111 979, 5
913111 955, 15
,5111111 1⁰⁸, l

51111111 951, 9

5131611111 999, 1⁰. 975, 9. 559,
9111 995, 1⁰. 575, 9
91111789

111111 1⁰⁰,7

911111 14, 5

51147,1,199,18. 451, 19. 1111111111

9111 9918

9111199,,7 981. 11111111111111

9111115,9.,919

51111989. 99814 898591111187

1111111111, 4
111111111111,1

7

 

