oeae INDEX

a,4..„snso.oe,tu.dnm⁶ 88118Μ,101,.1Ε,1
11.181,11 81181,8ϋ881.111,,8.1ὓ1 disum!
81181,ρν8818818188811,11.81188,1.8, 8818811818 881118817Η11ω8
11,,8.118.111,1.111,1.81188811,8 8811888111,1.,11717.11118
18),.181’11,.,8.111,1Ή81188, .,11011 ulium(
1Ἥ 18811981.αῶιὲἛί ¹'⁸' a u’ mmmmm& w
111, 11 8888188181, 1 unicium 118, 11
8188188117,.,11111,18.118,888818881881 sollicitas-onst«
.11“”;.”.8ἴ 1ι a· ..8881811811 &mamma
117,1 118,1 88881188,8 881118188111,1.1ὓ,1
818818888188, 1 88888111. 18. 188, 18 sollicitum. 11
sindonum 8888881111, 11 88818118118888Λ1
81881888 181,1 888888888181,1 sollicitudine· 111
81888188 11811 888888818318. 818, 8. 118, ωΙΙίοἰῑ88181188Β1Λ
8188181118,11 17 sollicitum 17, 7. 111, 2 11.
818 181,1 8881811188 178, 18 17
8188881 88818818118,1 888181188118,1.171,11.Β,1
81888888811,17.188,1 88811111 dommim
8188188.11,8.1),1,81818’18’888118178,1,8.111,7 8818,88881.18,11. 118,7
smum mium ..188888 8888
...Ἣ ¹⁰ ma? 818811
8188 88818111, 11 88888888 ’8818 8818811118
81888881888118, 11 8888811888 78,1 88188888 m, 7
8188 8881888 8188818118 8888881881 88118 881, 11, 118- 1118
81888818888171,1 8888188817 81, 8 178,8
8188818ὶί118, 11 881811 88, 8. 181, 8 881188188181, 11
818888888111,8 murnum. 118,1.1ω,1.881888811,11. ΝΜ. U, 11
8188,888“1117,18. 8881 191,11 8888181111, 8
818818881118, 1 8888188118 8 88118811, 18. ΕΑΒ. 117, Β
unffi-iamt& 188416 2 ι.811118Ψ11811α7ς.5171,18. Μ,1..811111ἲ58141.8
81888188181,19 111,11.189,18 881888,8ύ81.119 lm
818ξ81888878,11 881171,7.118,18.118,1. ma
1111111151 8181111988 mm& ‘
81818881888 88188888881118. 818881888, 88188117,11. 117,18. 1117.
8181888888881887 118, 11 ibid. 87118. 171,1. 11111111
8181811,11.88’1,8.118,7.,.88181171187,8 1.118,.,11ω11
118, 1. 111, 11 8818 mma 881818 Ὲ7, 11
1111818..εέ 1081 1Ἇέ ssffiffiffim 3111311 {1oe a 818
818888888888 181,1 8818188 11118
81888111, 11 8818188111, 18
81888111, 8. 188,17.171,8 8818818811 8818188888 171, 18
881818 81881. .. mmm ²⁸¹¹
81888888 178, 7 811,11.181,1. 111, 11 solutam, 1. 17811. 1519
818118, 1181, 18. 111, 8. 111. 881888, m. 118, 1. 188, Ἇωωῐίῐὶῖ
18.818,1.188,.78118,1. 181,1 888818881,171ω,,1.1171.
111,11. 17811 881881181, 8 1881111817

81888ιῖ81718 8818881187 Bm. 188,18.8888811825,8
8188818111 187,1. 188, 11 8888188111,11
818 188117, 1181, 18. 111, 8818888111, 181111 mmm-⁹ 187,.1 118,.
.111,1 881888181711, 18 181, 18. 111, 18
8888188881,1.88,888188ιιῑι881,’8 mni-⁶⁹4¹& m
181,,11. 11711.111888181887,1.188,.,111111 188Μ1Β111θ15ΰ.

181,

14’,81Ἇ3181,,,18,18. 118,1,88188171,17 11

1Μμ1ω81818ω1ω8141ᾘ21ὓ8 81188881117Η6.118,1”,1
nm 11818111 ,,.111 88188, 8881811811 4118119189·Ἢᾶ
889,1.,8888, 18 88188, verb· 118, 18 manum. 181, 11. ἥί,
81181181111,1.111,11. 117,8818188,1.111,8 1811817

ll 8811188118,17.1Ἦ,1.111,11888888 mptum 1111
81188818 111, 1 881188 118, 1 86188 ὣιῑθ
8888881 ..1888888818 mmm
88881888111, 1 8811188118, 1 8888818181.Ιῖ 1111, 8
818888117,11 88118 88, 1 88888188 111, 2 181,ἰῆ
8111181,11.111,11.118,1 88118,98881.8,88111,1. 111,.180888183 18
..8. nsua ..μυ 888 8 818 ι. 881, 8 munel ’6
8111811811 8818817111118, 18 8888188888111, 8

 

