VOCABULORUM OMNIUM. 617

orno 111,7.141,10. 110, 18 55555555551180,1
5555 14, 0. 118, 8. fl, 10. 555555551550, 11
10010 compescit 1101
55551101. 541,9 compilasse 1104
5515155151 87, 1 compilant 1104

5550555 10, 1
conderet 4507

condor 589, 14

condet 488, 11

condiderit 401, 0, ll

55505505 191, 7 compita 415, 7. 411, 6. 451, 11. condidit 1, 1. 181, 1. 186, 11

5550551511, 11 471, 1

onos 60, 11. 117 , 7. 104, 15. 55551515 548, 10. 5701
1501. 171, 10. 050185515515501808

4001. 4900. otta. 550, 17 compturus 101, 0
555555151151441, 11 complures 195, 6

omiss 155 500, 17 compono 104,ss

555015 481, 10
condiscat 150, 8
55501555 151, 8
condit 107, 7

condit quisquc 01515, &c 117,

11

551555447,18 componere 110, 9. 110, . 150, 555011515014. 1501. 5405

551571, 5. 1501. 101,1. 6. 1001. 4001.
101, 2 101, 10. 40011. 47010. 55011. 5001
557, 10 compono «471, 1. 555, 0
5515555555114, l componunt 511, 8. 5507
551155 81, 5. 510, 11 5555515115480, l
55115510, 5. 1101. 181, 7. comportet 410, 4

147, 8. 151,11. 158, 8. 176, compos 5004

104101 compositu 108

oniti 407, 15 cumpositis 159, 0. 410, 10
mendosum compositum 539‚7
omnendst 511, 7. 551, l compositus 1708
55555055 515, 10 55555551181, 8. 106, 1
5555500511, 11 compressis 157, 7
5551555110, 7 compti 460, 17

conminxit 145, ll comptos 147, 5

comiserit 581, 10 555551551158, 11
55551555 5705 5555555107

omisit 10, 7. 1500 conemur 1007
5551551145, 10. 154, 11. 515, 55555οι5 1408

418, 7. conditi 1811

conditio 400, 11. 471, 5
conditione 541, 17
conditionibus 1, 4. 105, 7
condito 116, l

conditor 587, 1

conditum, 555110. lorsqu, 40010
55501150555505155051, 1
conditus 165, 8

condo 471, 1

condoluit 1100

conducat 575, 10

555οα5515 474, 14

conducti 580, 0

conductis 111, 8

conducto 470, 1

oondncturn 457, 1

condunt 511, 8

55551 100, l. 401, l. 510, 11

14. 57015 555550515157,9,11. 411, 0. 0050015 550. 14

5551551 1101 55019
55515555 11011. 5105 55555055 401, l
5551515 1807 concedi 5800
5155105505 540, 8 5555501555 485, 11
5551551568, 5. 410, 11 concentum 510, 1
conmittes 459, tl 55555555 8506
nunnitus 5555515570, 15 oooccsscrst 604
55550540011. 510, 8. 511, concessere 585, 11
1. 554, 11. 574, 11 concha 141,4
5555051471, 10 conche 417,1
5555015 1007 55551115 109, 1

conferbuit 110, 7
confestim 5001
5550551809
55500555175,7
551115ηο5145, 1
5551505401

55515555 4407
55515555170, 10. 57011
congestu 115, 11
congestis 117, 17
555555515011. 164,4.541,7

55550155171,1. 400, 17 conchylium), 7. 4100. 4105. conjugibus 115, 15. 148, 1

mouns 141, 1. 400, 7. 540, 464 1
uns, 18 5151151555
51555111 109, 5 concidunt 11, 0
onnoue 5551154101 55551115151575, 11
annoto» 415, 11 55551115 1000. 1107
nunnus 110, 1. 178, 9 55551555 117 , 16. 1105
ommuni stt, 10. 451,7. 541, 55551555 5011
17 5555155151 5104
ommuni· 511,0. 571, l concinnarunt, lt. 1800
5555511555 501, 0 5555151155111, 0
5555551151 108, t. 477.11 ” ooncits 18015
5551015 140, 7. 151,10. 188, concitet 80, 14
10. 545, 5. 5001. 5800 55551555455, 15
5551151 1000 οο55150515151,5
5555151119,11.518,0 555515555151,1
5551515101,10 5555115555 1505
05 77, 0. 151, 15. 1701. concordis 0155515 505, 11
1,7 5555150515 4504
5555011555 517,17 cuncubitu 587,7
555511555177,1 concupiveris 1704
55551155 tut, 5 concurrunt 100, 16
55550551411,10 55555151547, 11
55555551, 140, 14 concurritur 114, l
5555111 514,4 concursus 187, 1
555555551505,8 concusso 4118
15555555 41, 9. 145,0. 48014 concute 141, 11
5155555515 460, 10 · concutitur 78, 9

t

conjugis 4,1. 141, 16. 16018

5551505807

conjurato 18,6

555151 1005. 4408. 45011

connectere 5504

55555155186,1

55551471,0

555551511011. 450, 4

conscicntia 170, 7

conscio 171,8

conscire 471, 15

conscripti 581, 10

consecutiam

consentire 515, 0

consentit 180, 1

consenuit 1001

555551155178, 8. 400, 4

555510515178, 0

constitum

55551115 1908. 511, 16

consiliantibus 154, 8

consiliis 117, lunas, 4. 15010

5550051804

55551Ιί55101,1. 1005. 158,
4.157,1. 4105150501,

consistere 110, 0. 181, 7

 

