VOCABULORUM OMNIUM. 648

pm 147 ,4 1161646417 16111666 4748
Ι’111111110186616771161111111111121.6616 11111111416666

6446 116116 86, 4 1661616111 86418. 401,10. 660,
16 161, 6. 177, 8. ²01, 7. 8841161111 106, 17. 868, 16. 606, 8. 6847

7. 876, 1. 486, 18. 47418, 10 ju 77, 8. 108, 6. 1748. 818,

14 684, 6.,681, 8. 660, 80 11611616 8648 81864, 0. 8748
1116161616116661480, 18 1161166841 supanis 8048
166664618,6.40,8.6848 11616106,4.877,8 1111616188,4.816,0.878,11.
1666111161 170, 6. 8446 116166 8847 886, 14
mundun 478, 8. 670, 11 11616111 188, 7 jugerum 108, 8
16141, 6. 444. 84480. 480, 1161166470, 10 16114111616161116, 44414

10. 64411 item 84481. 66418 16 16, prim 66661116, 148, 8.
166 877, 18. ἢ, 11. 681,1.116164,6. 1848. 168, 8. 100, 8148

66410. 678, 11 0. 811, 10. 8644. 866,11.1’616170,1.468, 16
nrum 81481 888, 14. 466, 1. 618, 8. 618, 616166 877,6
1661648. 4848 6. 687, 8. 66414 16116161 8147
nmmo iterfaciens 4644 1616166147οώ
1666168418 iterabimus 8411 161616,6616.846,10.481,11
1116 814, 10 . 1161661161, 167, 8 16161681, 11. 101, 0. 164,6
16111866, l. 418, 7. 461,1 1161616 74 1. 141,0 sagarum 048
1616 480, 10 116161 68418 16 116166 88410
16166801, 8. 676, 18 1161616 881, 18 1 688414
16166 806, 6. 410, 4. 4648116166 86, 10. 641. 804, 416Ιὶ 1116164846

66416 468, 18, 616. 470, 8. 4848 16116 831, 10
16166 80414. 8841. 888, 7. 1161666 6611616111 881,1 Julian 848

418, 8. 407, 4. 688, 8. 668, 11666616 ,16 1111116611, 10

17. &A 116666148418 166661668418
16 6, 11. 18411. 818, 4. 814, 1011666616 401, 10 166616 18418

16. 8840. 87418. 8746. 116166 81, 18 1666161141

888, 7. 44418. 44414. 460,116166887,4 1666116 641

7. 48416. 48416. 404,8.1116868,8 1666116 817, 7. 6648

1111648 ιδ’ΜΗ6811111111614111 11 {mmm

1 ⁰ 1 1 1

111111 111161.6.ξ1..,..111·611..
1614848 16116116 44416. 618, 8. 688, 1816616616176, 10
rupertum 1648 · 16661666 40418 . 1661616 6648
1116661661 877,6 6666168046 166111 848, 16
retorto 149 1161161146 quasiste 80411
11616666116 686, 16 66661166 1648 1611161746. 610, 8. 68418
nemu 64416 16666 8848. 80410. 418,7.16616161171,4
111166 4848 ’ 44416 lum 88, 7. 1647
’431111111ιέ2 1141111141 {malm 6111
61166116 6648 1666687418 16666111 8848
111166167417 16661 48, 8. 01418. 8741416 1111418. ae. 8. 41, 8. 66,
1111111880, 1. 6446 16. 488, 4. 486, 8. 408, 8. . 106, 4. 116, 8. 180, 8.
11116111 ms 6644. 68416 1848. 881, 8. 8841. 801,
6616184418 1666161 4048 4. 88414. 888, 4. 4841.
11111186, 14 1661111111 864, 4. m, 18. 468, 61418
1761118711 ⁴²⁴³ ,31181111 ’8184116111618
6161640418 166664161860, 18 660, 4. 67418. 67417
616 874, 10. Μ, 1. 60417. 66611111 464, 81 1616 dm 166, 4. 687 ,7

681, 11. 6648 16666116 861,7 161611166616641,8
[6111 86417 ’66661166 401, 18 16161166 8044
[11661166 w. 6 1666111166 846, 14 61661166 6848
uti 848, 8. 41416. 6646 1666186418 6166166468,18
11166148 1666118846 61616 471,4
6116686484. 4048 1666166 8648 1616166 6644
6116 8848. 8641. 4140. 401, judex 164, 10. 848, 4. 408, 0. 16111476, 18

14. 68416 461, 6. 48418. 6746 16111116 681, 16
61661417. 66418 1661666166 m, 11 1616 870, 7. 87410. 6840
61616666 66418 16111661 6840 1616 101, 0. 861, 8. 884, 18.
mma ,1116 1111. m. 1611414 1166
mm, ¹⁰· md w, 111 gwy ⁹· 4011116 4071 issstjflffldo m. 1⁶
11, 1611114840 4. 468, 80. 614 8. 668. 6. 616666 166616 81418
116 68, 6. 188, 6. 88488. 844, 6746 6111668418

88. 846, 6. ,1 466, 81. 6616616644 16111666 668, 10
466, 88. 681, 7. 677, 46 661616 6646 16116161 4147
116 61 888, 6. 6846 16416166686416 jurgia 686, 6. 6641

110

 

