VOCABULORUM OMNIUM 605

1004 142,.11424,.1410,2.400,4101001479,1
.101 11. 1 4009 49210 00017 1100041100
420, 121510121, 10 211,7. 402, 44112107. 440,0.οἏ,4
.010, 2. 4700. 000, 10 11111004
1011111021. 42011 Ὕ114ι11ἡ210,1490110,111’11οω4’41α1’1140211
0101000707 024,12.011,0.000,.1070,,1101010.1402.101,9.101
1110170, 20. 411, 0 0 1. 221, 10. 201, 17
10010004 1511110170, 11. 170, 4. 449, 0110111440 0
111010 4404. 49014 0001000010 4101100ῐί0001
endo 2000 1511112014 0011011112ὅο, 0
2111110.. 12211. 1 111112121Μ
ens 17210 11111,0.114. 0 1151104, ,2 441, 4
11111111 1011127012 Δ 100 029 20002100
..1111011 ..31111 1011101110 5
014109. 00010 10100171,1.101,1.000,0 111101, 1. 1700. 202, 7. 141,
011100 4 041, 11 1101101701 .10. 440, 0
asumma Α],10001191.,90,.74244 11111107,0.101,,12.1000.
1111113, 10 111112218101242 1 11 11111110,0.110,11.111.1.
5111471, 0. 402, 10 1111110102, 10 414, 9. 410, 11. 401, 4. 400,
11001001), 14 1111111004 12. 124, 0. 020, 21. 020 0
1,102102,11.400,10 1110111000402,11.400,12.1110111111,11
511174, 2. 100, 14. 402, 11. 011, 12. 000, 17 anonim, 10
41ομμο420141ομ1400,110100,0.,.,01410100 1111111110Ὴο4102401,12.
11. 402, 10 111400, 10 4000
5011001401, 14 111121,0.110,1.141,12.400,111000104,7
5111010001. 00010 0412, 2. 40010. 400,11.11111101024,2
5111110199, 19 497,0.021,11. 01011 mmmmm 41211
5411111201 1110112012 4711140001101011511111701407
5111111210, 0 010 0 00210 040 2
51111201, 10 11100712 111110 0 171, 2. 191, 9.
5011114010 11111100 11. 4100. 4000. 470,
5111101001 11110107. 0001 111001, 0112, 0. 200, 0.
5111101 110 0 1111111,0.97,0.119,0.410, 12 11. 41010. 010 2
5111111111, 0 4101010440, 12 11102904 1007. 4000
5111111400, 10 Albanas 111,0 alioquim, 2. 17021
5111102010 4111012000 11101000. 172, 1. 190, 0. 407,
5110107, 7 .1151111100,11.411,10 10, 4104
5110111107410 1115110115,1 1111111110,1,11.411,5.111,
501101101020, 4 Δ101001224,9 1. 047, 14
51110177, 4 1150101517 1115011141, 0. 440, l
50401207Μ211022107,711111101407,11 111129121οῠ 10
510111101οΙ, 1 1111010011 1092 1111001. 00012
112οῃ1 2 ms ῃ Μ 28 1141185114ᾦῖ 1117111100 2 401, .1’2711511128181118212ωἳ2ω

gnum 112 11100111,1ο.911,1
’5114Ξ121ΛΛ1011 170,10..1Δ1101455048182,41 4114410548οὁ21θο ,1. 000, 21

0

50100011 4101001100407, 14 11101000
50401011, 7 11011111, 4. 170, 0. 170, 4.1Ιί11001102,0
50112720 1000 1110010010. 421, 10. 441, 7.
500 20012 4101111101. 12 400, 0
5110119011. 42011 1100 000 417,4 1110100101
50010110110, 12 1100 000 81,4 1110001122 0
gamm, 1⁸ 1100 0111110102, 10 11011101. 290, 0. 100643,
5059993 11000015101190, 1 120, 7. 111,.7 0409,
5101110404, 21. 4000. 007, 2 1100511510,10400 9 17.081,10
5101101190,1.077,1. 1115101081 1110001100011204,7
5101115445 11110101441017010.401,0111111010100,1
5101111022, 0 album 5115101441, 1 1111511111 2002
pestium 140, 7. 222,0 1111101110 10, 2 111111440, 2
511109,1.118,11.1145 11001 19, 0. 2110. 201, 2. 411111011404,10
51100113 0404 101, 1 1707. 047, 4. 0002 111100100024
5110011110 124 1 1101115992 animm, 16
1100111 170 14 410111 121, 1 41100101297,1
1151511101 42128 41011240 0 11105 0111291, 10
0551148014504, 701111121015511 1111112141. 217,1
51020010. 2001. 81111.1,12.111011100114 111010, 10. 101, 2. mm

 

