670 . INDEX

Ρ16611575,2 propinquis mi) porosum

61611 164, 6 propinquos 166, 2. 4206 61611116 6&st

6165161511 570, 14 propior 160 0. 452, 1 6611111111. 1. mione«

616515161104,7 61661611 5507 provisor 5701

prohibere 570, 0. 472, 1. 667, 7 propioris 400, 5 6616111550, 12

6161111111οΙ, 10 6166161416, 10. 452, 15. 474, prowm 284, 6

prohibete 604 4. 5005. 51015. 5601 61661 toto

projeotistoti, 10 6166611 5505 6161161561, 6. &li

6166161116 2600 61666ιὶ11 155, 2. 501 , 11 61611160· ⁸⁰, 11· ¹9³⁶

61666161 420, 12 proposito 575, 10 proximum 207, 17

61666111 410, 16 6166611166 455, l. 456,5 6111661111 404551

pro icit 5607 proposuit 46,1. 476,2 prudeus 105. 2105 itt 11

616 e 257, 6. 261, 15 6166111 506, 6. 446,17 511334. w. 416511

proemium 6116111111, o. 1661 116,1.116,16.111,616

proies 172, 4. 256, 6. 40011 proprium 06,6 6. 56025

6161115004 proprie 571,1 61611161 pro 111111 et 111111

prolueris 4502 61661111 544, 17. 505, 0. stul 69115

616161115ὅο 5 proprio 5,1. 251, 0. 566, 7 prudentem 410, 5. 55014

6166115707 6116116111,1.166,1.161,16616611601

6111612104 proprium 557, 2. 455, 7. 460, pruinis 12,0

6166111102. 2105 15. 518, 6. 55015. 5502 1111161511. 11

promere 2007. 5405 616616141010 prore 5600

61661111 1111161 57020 61661711 5405. 556, 0, 4202. 61111611 2506

61110113... ...,..,,1,.ε,1.....,. {atomon
505, 0 propo 152216 111111 191. 4

promineret 276, 15 6166611250Ιο 61611601. 11015. 1011.

prominet 52,0 prorepit 5201 254, 6

6166111007. ΜΝ prorepserunt 5404 Patisium

promitit 25, 7 616116111122,11 pubiics 111, 6 414, 14. 511

fl ⁸

611616156015 61611111ο 5605 pobtiois 2107

promissis 415,5 proruis 6011 6656111505

616611161512, 1 616161125015 65111611, o. Poptiesls

promimur 204,7 proscripti 5701 61511166 22106

6166114505 prosequitur 257, 16 6111161100). 10

promittere 555, 15 161116616011. 446, 12 pudent· 101,4
61661161 too, 1. too, 11 Proserpina 111, 16. toto 6616661111 5016
promitto 555, 16 prosiliet 450, 18 61611111 520, 14. Εὖ. 19
6166111611541,15 prosilit 5506 6611111,4. Ἡ, 7. 515, ἵ.
61666111 260, 14 prosiluimus, 7 650, 12
promovet 255, 15 prosit 517, 12. 5606 pudibundum, 15
prorupta 65, 11 6161616111 m 6611111 iffi. 15. 55016. 4411
616661 405, 5 61616111 256, 6 pudiea 166, 16
6166616011. 241, 5. 567,6 prosperum 2405 6166112401
616116 500, 15 “ prosperos 5005 6161165505
616161 215, 7. 52010 6161616116 151, 2. 210, 10 pudicum 242, 52. 51015111.
6166161116 2601 616166050017 10
6131601. 16016. 224, 06161111 5504 pudor 16, 7. 50051011
1, 12. 56016. 465,Ιο 1616111600. 4005. 5507 260, 16. 51012 51511
5106 1611141515 416, 4. 525, 7. 516 11
61661,166116.176,1. 258, 061611111166, 11 5106
257, 11. 546, 5. 415, 15. proterit 2404 6666161111 5101
4500. 445, 1. 467, t. 522, protem 102, 15 promum. 10. 101115
5. 52011. 5500. 56010 prooemiorum 40016 10
616611151661201,10 protervi 502 11 66111111 Q& 501
6166111611 564, 7 6611111161. 1. 577, 15 6611125015. 275, ti 51111
6166161111 270, 5 protervitss 46, 7 46015. 542, 14
properantis 5605 propriorem puello 2010. 16014 2411
61661665507 protervum 4⁵,s 251, 1. 21100. m. 11 16.
6666611666405,11 protervus tw, 10 5. 52016
6166111111167.7 1611616, 5. 416,1 6611116 56015
properet 201, 6 6166161155, 7. 44017. 504, 6611111611 1001. 4545
6166111 101,4 15. 525, 11 6611111162, 17. 11111111
properemus 4605 protrusit 5502 6611111125, 1. 2105. 201
properent 11, 4. 406, 7 protulerit 567 , 4 5604 ,
6166111121,2.254,4 protulit 245, 6. 570610 puer 14, 5. 24, 4. 55111 ’
1112110111 ”⁸³¹ 111111ῗὲ11111 ’
61661116616216Α 6161161611,’400,2
propinqui 55, 10 providus 212, 2. 476, 5

1

 

