608 INDEX

1388881111888, 18 1111181918 udum 819, 8. &Lo
1831811 898 1111 888, 8. 888,8 8888111111, 18
183811119918 1111 198, 8. 878, 11. Μ, 19 11811111 118,8
18881118898 1111181188 1111188998
opponitis 888,8 1111118898 11811 &A
1313818111188,8 111118 m. 8. 8998 111181 188, 8. ΒΜ
8118111881, 18 1111111888,8.887,18 11881811111887,8
ppulo m, 18 1111118897 udan 897, 18
8388Ιί 887 , 17. m, 18 1181111898, 8 118811 ω, 19. 9911191
8388111799 118111118811911 uduo· 189, 18
183118 188, 18 118191883811199,8 udum 18, 8. 1888
83381811898. 1998. ΜΛ 1181118888 11881111877,9 nrum& 8997
1311111 1998 11811111888, 17 mn 898
18111181881878, 18 11811118 188, 1. 8198. 8897 1111198
1381188 879, 8. 8191 11811111111788. 887, 18 811111 888,8
1811881898 arbitrum 1998 1118887911
ww ....
1881811 uum· 1181. 11111 ...1118131
‘pm 888, 8. 818, 18 arborem 88, 8. 8998 11111111898
1811111898. 89918. 88919118811188918 111188918. 817,19
891, 8 888, 18. 88918 uberibus 88, 8. 881, 19 8138111998
1811188,18.898,18. 887, 11 abari· 1798 8318111889, 17
18113 ’ ’ equ 188, 18 11881881898. w, 18 urgenti m, 8. 88918. 988
18118111 8 11881 1898 881, 17. 8198. 8198
1811118898 818111811898,11 1131818 98, 8. m, 19 8⁰
181111 119, 8 1188111187, 8 1131111811 878, 8. 879, M
1811111 811,8 1188111 878, 17 8. 817, 18. 889,11
1311187919 118118 8,18 Argeo, 911388
131181 188, 9 abuto- 88,9 1131111881, 18
1881518,ιὸ uo· 111, 11 1191. 111, 11. Argis 1111. ssu 1111
1811818898 889, 8 Argivi 191, 8
1818898 111111115918 8131111 187 , 18
aptum 18, 7. 888, 11. 8899 1111111889, 18. m, 8. 898 Argamum 8798
’811838 ω’ωήἢῗέἲὲπίι 818ῗὲ011*
1381181918 1181111897 1138181898
Apuli· 88919 1181811897 1138118998
Apulia 1891. ml 1181818891,8.888,8 113811 m, 1⁰
8388118118 8191 118118 889,11 1138118188ῤ
:qun 78, 8. 878, 18. 888, 8111181891 113811 891, 8
89918 1181118997 1131118188, 11. ΜΚ
13818, 18. 18911. 181, 811111 198, 8. 188, 1. 887, 8. 1131181 888,8
198, 8. 1998. w, 8. 889. 22⁰. 8198. 889,18 11381881 888,8
8. ΜΒ, 1. 899, 18. 888, 7. 11811 11111198 1138181819 18
818, 7. 888, 8. 888,8 11811111889,8 Anci: 887, 18

13887ωὸ718311888,18 11811118898 1118181 88888

1381181 887, 7. 888,1.11111111888,8 11181898. 117,8

888,8. 8998 811ιά818898 111811 89, 8. 8898Β11
'qffillffx m ¹² ' mmmm 1811, ι1 1.......9811
..8888882888 111888,ιῖιώἕῆωῶ ω 883ὀῖ1. 1881
fissssfssssssffl'idf'offfl'issfh 118, 3ἷῖ &gfff ¹⁶ ffissssffaffnffmu

1. 88919 1181181 ,8 81111181 888, 18
8889813911 ⁰⁰0⁰} Μ’ ww
8838181 Eum 899, 11 Argum 1898 ιιῚ118918. 8999. 8191ι Ἀ
8388888881 ἵξὲἲὲἶεῗέῗιὶΜΗΜ 188816881ῗέ11 888
mrem ¹⁹⁰st , ...111118181111811 ιι ’ ’ ’ ’
“¹10⁰”‘'¹⁸””⁰“”''”¹''‘ ²⁵⁰'2133132²1⁴1⁰6⁹⁶·²1⁴0⁷2’¹0⁰‘⁸¹¹'¹⁶ 3:⁰3⁰
18181111. ma neus 11111 ’ 1181111111’1,1ο
8131118389, 1. 18911· 8911. 1112ἳὶ833111. 1811881 niuea ..1,Ἐὲὢυῖἑῦὲί βω
1111188991 111813181181888,8 11818188188,1.ὣ.1
madum 8118111118, 11 1111181118Μὸ

 

