VOCABULORUM OMNIUM. 000

1111111111 1000. 4100 100111 421,1 1101111170, 0. 22οϋ
100000011478,0 1001100, 0. 142, 0. 148, 01101111012000
00111112000 270, 14. 270, 10. 207, 0. in 0111411110 17, 0. 202, 2.
,00111112100 4204 200, 0. 2701. 277, 12. 201,
001111111010 10 in 11, 0. 110, 1. 100, 7, 0. 10. 20012. 401,0
0111011110 2104 , 11 11 evum 100, 0. 200, 10
1101111111 000 100110 20012 111111008,8.140,0
0001114100 100111 20010. 2708 in 1110010000
001011117011 im 1011 102, 0. 220, 7. 24010. in 10000 74, 0. 47012. 010,
00111111 000, 12 7,10. 47010. 000, 11 10. 027, 8
miserabili· 10010 10011011 007 ,0 in 111100 07 1,7
001111 00012 impio 100, 0. 2000 in 1101000, 11
1111111170, 4. 1008 100111101,2.211,0 {n 11111 mo
0010111111 447, 10 impium 02, 0 011111 00, 0
modionas 1001111410 2001 1011110 0807
0014111007οὠ 10011111 4000 1011111οἏ,0
0011101111 288, 21 100111100οθ 10010101000
0011111100 10011111,1.1.1001111111000,111011111101001,10
0011111 200, 11 1110111040, 0 1011101111 000, 7
001111 422, 20 1001111111 00014 in (1110 2202
00111111 400, 18 1010111111 210, 12 in 0110 11 herm 4008
1101111111 242, 2 implicitum 0002 in 1111111101
1101111111 001,7 100101104017 0111,1..111ω,11111,1
1101081000 12. 0700 100110111001, 11 111101100017
00111111 440,2 inplumibus 200, 1 in 11111 122, 0. 400, 0. 07012
000011οο04,17 imponens 401,0 in 1111111011 m. 10
0001111111 074, 0. 470, 10 10011111 007,0 in 101 11111444, 0
001110 204, 0. 010,4 100100110010. 0200 11111120011
0011112004 1001111111 0700 1111101011ωο44,7
mo 70, 0. 100, 4. w, 10. importunus 200, 0. 447, 20. in 10110, 1. e. usquo 111 luee-
041, 10. 4000 401,1. 000, 10 177,1. 024,1
1111 148, 1002, 0. 001, 14 10011111 4001 1101111 102, 10
0 200, 0. 041, 0. 4200. 1001111110 100, 7. 1802 1110111111 0111011072, ll
700 impositu 207, 0. ,10 11111110 224, 18
001111 77, 2. 107 ,0 1001111110 800, 10 innumero 4000
0011111111 280, 18. 4000 impositurum 010111110180,12. 47010
00111111 hm 1001111111 400, 10 11011110 20010
00111111 00, 0 1001111111 410, 7 in pejus 0005
1101111100 1000 1001111111 101, 12 in 01111111 1000
0010111 0804 impotem 80, 0. 00, 1. 221,0 in 01111111 tempus 000, 12
00111111 008, 11 inpotenti· 001,0 in pretio 111000, 12
11010111, 104 10011111 402, 7. 4200 in 0111111 400, 0. 40010
0011111 0400 inpransus 0101 11 pulverem 104, 12
0011111 000, 10 impressum 1011012000
00111001 20012 10011111401, 0 in 111110 102, 2
0010111 0000 1001101111 407 0111010101111111111471Λ
001111 4200 1000114104. 447, 11 10111011111011 2004
0011111000 improbe 20011 in 1101041111 1110111101, 11
001111 480 14. 001, 22 improbaturum 270, 0 1111111111 000, 17
0011110100. 00011 1001101410,11.420,2 10 unum 4204
00111 7, 0. m 1001101 170, 0 in votum 11111002, 0
0 riis 220, 7. 200, 11. 400, 10011001 041, 14. 000, 0. 44011 11111418, 10 ’
. 024, 12 . 40010. 400, 17. 001,Ῑο in 1100 02, 1. 117, 2
0 rio 00, 7. 101, 0. 104, 0. 1001111111 122, 0. 407, 12 1111111200, 0. 201, 11
02, 10 imprudens· 007, 0 Inachium 201, 12
00111111 44012 impube 270, 10 Inacho oe, 10. 100, 4
0011111111 00, 0 impubem 110, 10 insequuta 112, 0. 4000
:gam {13:13333’ss2¹⁶’¹·2⁶⁵2³{2:22113311
mperiwint 007, 0 impu 11110407 0111011200 10
001111114000 1001110111 1700 {mutescunt 40012
0011111 4200 1001111 000, 10 mnne 180, 0. 270, 4. 00012.
00111001 00, 14. 147, 4. 0001000111 2001 02011
11. 405, 0. 000, 0 im 111 40, 0. 70, 4. 240, 11101110 08021
0011011111 171,0 0, 1. 480, 0. 040, 10. 000, 1111111281, 2. 004, 0. 42014
0011οι· 480, 7 ι 0. 070, 0. 000, 2 imi 145, 7. 074, 8. 400. 5.
001111 401, 10 1001011111 401, 10 000, 10
0011111 0402 10011111 0001 1110107010
imum 024, 2. 070, 10. 070, 4. 1010114001
mpetu · 000, 18 imiter 048, 4
m 114014. 1008. 2001. 1111100010 1111111 200, 10
, 10 110,0,10,11α111]’110111111ἡ11111111272,0

 

