6³⁰ INDEX

151111 115, 15 5. 118,12,16. 185, 5. 228,151151151555,2
15115185,11.581,1 2. 256, 5. 85, 5. 565, 5. 15111, 515,2. mu 261
15115561 516, 15 566, 15 8122. 5125
15115515 562, 12 151515 86, 6 1515512115,16. 5811
15115565 566, 2. 521, 2 111511 555, 5 65511155 56, 1
1511515 111, 8. 188,16. 255,1115115155,16 1515855
15. 561, 16. 511,1 6155155115 1515 58, 5. 21615. 211.
6115151 165, 2. 25111 15155151581,5 81,5
61115151 525, 22 1515111151 561, 5 15155 118, 6. 155, L 21, 11
1511111112, 11. 165, 5. 555,6 6155655556 211, 15. 5165
61151 56616 61551555, 6. 555, 5. 558,5 155551 255, 5. 566,5
6115515665 61511556, 5. 58815 61156125
15155 515,5 15151151 5585 151551 515,11
151515665. 115,8. 5626. 515, 6151515588 15151155, 1. Ἀ, 12 Qu.
21. 558, 5 1511 156,5 115
15155521,8 15635151251,16 15151515 5515
1511515 561, 5 1111315 111,16 15155, 5511. 58, 5. 5511
1515115515, 22 151131156216 6151 521,5. 585 585 1
1551555,2.65,.515116 261,1563565112,6 552,5.555,15.182,1 1
2.555,.11556,15,,,55611511351515,1,562 fanumst 1
516,11. 52616. 555,1.15655116 15111 215, 16
585, 1. 562, 5 15115551 1515515565, 6 ³
6515551565,8.558,11 15155662 1515556,1.581,15.51511 1
1511151561,15.5161521,16 15155585 6 58, 5 55615
55ω8111111,15515,,’515651 1551115555 ¹
12, 55611. 556, 11. 551,1511555558,15 1515115115 15211
5. 5166 6155151511 6151551265, 6. 58, 15 ’,
1515515 55, 1. 551, 5 61556551 81, 16 15155115 518, 2
65155161, 9. 522,ὀ 15151185, 5. 5566 1515511816.81,15151.15 .
151555 5135555256 6151515112 565, 6
1555555561, 12 1551115111 165,6 15555128 6 58, 15
15515515 186, 8. 566, 85555 165,1 6155615561,12. 5555161
1155515185 6155155561, 6
1555155288 Ferenti 1561

1115555 51115155 556,
1515551151 558, 11

8
l
6155555155, 5. 55685 115555 15,6 Ferentinum

15515115 1568 161 1155555586. 1566 1515515155615
15515151 511, 16 1151551126 15155582, 26. 565,5
1555255,16. m, 7 anonii 115, 5 151518, 5. 162, 1111151
6551155151151566,8 15151255,6 6. 85, 55. 58, 5. 555
155111111551315 tummim . 151, 16, 18, 11 551, 11
155515 561,25 1155115555, 16 51616. 512, 1
151 515, 5 1551115255, 6 15151315585111151561, 11
151125116 5856 6556155251,1 1511115111. 5652
11115 5651 581, 16 1555155551 15115515, 5. 185, 8
1511155552 65151561, 5. 525, 16. 555,15 1511551561, 5
1511515218 1151511855 515 5 151155, 5555881
155 51 l. 151, 6, 16. 216 8 15115516, 5. 558, 11 61151566 2
155551 5521611 1581551615, 1 1516155256, 5
15555115, 6,.16 255, 2. 585, 1511155516, 21. 562, 6 15551555ιῆ15
26 6511155521 1511551155, 6
15555551,15.58,16.515,111515155151115 6115158616
15551555 5125 1555151516,15 15115 82, 12, 261,1. Ι(
15551551555111, 15 6551555816 5562. 5865 55615. 555, 11
6815552866 6551152561 1511551115, 16
6551515558,1 1555111252, 17. 555, 15. 515, 61515556 5
15551151151551. 5515555151 55551115, a 551, 11. 11111
5.,’.,.’5551156616558,8 65151616161 6155151865
6511165686, 2 1551555 518, 6. 525, 5 556, 16 151551555611
5551155555,11 651555515161 15155251 166, 6. m
6566155515 2185 15515551585,8 15151161 5812, 11. 12»
1556515551 1566 1551511 566, 5 8. 162, 11. 156, 5. w. 15
15566115555,5.582,6 15511558,2.555,11. 586,.5 51615
fastidiret 516,2 521,15. 5255. 555,.2 555,151151555155156
11561111 558. 15. 568,1 16. 58μῦ 588,.6 561, 11 1511515258, 1
1511511118,6.111,15 1515111121,1. 211, 5. 218, 6. 6115155355,16
6566155215,16 518, 11 · 15115185. 1666181111.
6511525615 61155111 516, 6. 582, 16. 551, 25. 265, 8. 525,11. 51515 1
65155165,.,1625615.551,6. 16 8825868888-
555,ι(1 151155555,.,.,15566165256.15.,,5588.55516.1Ι.”Ι
1551555811 585, 8 561, 5
1551555512,5 1565151265,11 1511515181,11.151.5
151558, 5. 58,11. 115,1,151,51155151151,5 611515 m

 

