VOCABULORUM OMNIUM. 677

18110081 1487

1811001 1889

181811, 0. 1181011, 610.
bombi 418, 8. 484,8
bombor488,7

800800 888 16
800801889, 8 488, 1, 8
1018108881

1111478, 14 11101 1988.
1111181877, 18 687, 8
1111816687 111848, 8
1818116881
1618088816 6886

11101801 888,2 111818 888, 8

1111811οι 4789 rixarum 197,11
111081 8, 1. 218, 18. 986, 8. 111110168816

888, 8 11111684
1118111111. 61818 108008189814
1800111868, 8. 986, 4. 4188 robur 18 6 1888
1110111968, 8 10801111 198, 4
1111111801 61811 10801111864,16
11118101 6687 10801101 1687

idere 48818 1011001 877, 7

18110 6000100499, 16 1011110 618 11
1111111847, 8 1040019986
1111119488 101111 964, 18
1111188816. 49811. 448,1011001979,9

14. 478, 4, 8, 10'. 888, 18. 1030881969, 8, 18
888, 88 1031060884 6

11111 184 18 111, 11. 819,.7 1038111889, 8. 49817

10111. 488, 8. 667 ,8
111811 689, 88
11111184
1110 881 614, 14

188,9.482,8 .698,1

1110 168, 8. 187, 6. 219, 18.1011100817,11

10111 198, 4

1101018 101 479, 18
11010101 468 8. 889, 18
rorem 84,6

1110111811. 1,41 8.18,8.10111111874,6

1081111488, 11

11100 81818Μ68818. 6,18 8 1011 188, 6. 6688
6988689811. 10180118688

rourum 818, 8
1011188

11811 1181.100,1.211,21.101110111011,1

10100818101489, 9
rotundioribus 899, 88
100061149818. 478, 9
1000606881
1010011081 88, 8
rotundus 46818

10810 3433133018 449, 18
18811 ,

rubeum 681, 7

108101 117,8

1081810 6,6

10810110 9888
1081138181 9784
108010 4887
108011166811
1081008118 814, 18
rubigine 999, 9
108131010889 7

868,18.998,.9498,.11648,9103811911888,17.4ω,16110801988,18’

1111181 976 19. 467, 6. 684, 103818497, 18
ffi mgmw,2

14100180988,8.649,16 1031181,966,18. 4484. 489,

18108101 488, 12. ’10811
678, 8 1030186819. 471, 8
1301186, 8
1310187181. 844
13161181, 8
1311118888
311116981
’38001188
1314014787
18818499, 17
’00114687
031667

1030 4711

86886

1030171888. 447, 8. 474, 7

1881144118

rubrica 481, 8

1081088 9 1888 488, 4
1081019844

18800 86, 9

10018101 88⁰, 11

10110 11080100 478, 8

Romu 1884. 166, 8. 899, 17. 10111 in 0010111 8886
298, 7. 988, 18. 918, 6. 867, rudem 91111689, 11
18. 49816. 6181. 8988 rudentes 8889
Rome 8188. 8989. 868, 18. 1011111689. 8889. 99811
999, 19. 4684. 488, 9. 467, 100811978, 14
19. 4781. 4889. 689,14.10011141,9. 481
69818. 841, 2. 689, 6. 664, ruent, 0. ruant

111001111688

3888199, 6. 218, 18. 987, 11011180 16816. 9784. 4189. 1001111 428 '1⁰
64,987 68946981868816 18101117,8..188,.,141888

3061, 4
3101489 488,...1848784984
1 ²²⁶⁴ 11111111

80
3188881 11018800 1oe 9. 964, 14
11111 9889 Romani 696, 6
00118888 101111010111101
1018065 89188 1100881 30011689, 9
ri 4
8111081198, 9 679 8
11111487, 8 11001110 888. 12. 488, 88
11186, ,37 138, ,16 54,8 8000018884
101116
181996. 8688 88818. 66888
8881. 481, 19. 884, 18 11001001303474,7
0308111303010186668 1100810896 4 811, 2
0018968 8 48818 48814. 9000111888. 8484
687, 9. 684, 6. 6888 1101111111 18
11018818. 41814 Romaiurb88,8
“18 ,19101611 ¹² Μ’ 1 1111116111οω4 ³
1117888888 889,8.841,10111167,9
1986118 988,18.664,101114,.,.9881117,78

1100ιο11788 894, 8. 9786. 69818

9089819984. 966, 6
1401014886
10311 866, 18
103111864 889, 18
10301118881
919111 ²12⁴

Romanis 68816. 686,18.111101199,7.169,9

101011819818
181881 88, 8 488, 1
0181116817. 287, 18

1100001888,8.886,.8491,.81811818,18

1011189168198888891,
7. 48818. 884, 18

1011118181

1000146811

1818010966, 18

1018011 11008110 688, 9

100381 81818

1003181 281, 18

rumpere 88⁸, 8. 488, 18. 688,

18 1010884189.198,1.849,19101831111878,9

 

