VOCABULORUM OMNIUM. 687

, 111111,1.1,1.14.11111 ,. ,
nor-mmm 1 828 491 714 mlum
11111 8414. 4142. 114, 18 18418 1111114μ141.1 ,4848
11118141. mh. 41411 1111111 111149 4111118ίᾶ1114111144288
1111111147 1111111 ,1. 1841 Ι11111 ,8
1111111 192, 8. w 111111111 27412 4142 4118111111, 1
11111111 1141 111111111411 11111181118Ἇ,8
1111111111 217, 18. 4141 111111111111 ⁶oe, 12 4111111111 84411
111111111879,14 humi· 11111488, 18 ,111111 7, 1. 888, 21. 488, 1
1111111111 4447 11111111 1841 4111111 2841
11111181 8848 - 11111111 11411. 1748 1111111742
11111141. 2149 1111111111 2149 111111142421
1111114441 11111141 4244 1111114141
Ἢῆιὲἱηθ, 1. 481, 18. 131211511488. 1, 8. 244181εᾷῗ411οῃ

128, 9. w, 11. 1248 272, 2. 881, 18. 814 8. 44418811446
1111111181, 4. 1448. 84418 1422 4111111111 1847
1111111418. 78, 7. 181,18. 111111118418. 82412 11111111 1881

”121⁰- 287, 9. ,1 1111111414. 848. 14412. 1081110118114
101111121418 1848 4111141111 48
11111111 ml 1111111111 148. 19411 mh· 642
11111111 2149. 1441 1111111111 411, 11 11111247
1111111111 181,1 11111 1848. 181, 14 1111 4 414 8, 18, 11 1111·
881111181428 11111111 2947 ⁸ ”imm
1111111 11428 1111111111 188, 11. 11414 1⁸¹³ (1881111117. 11. 18418.
8114111 4748 11111111 1448 41428. 4848
81181418. 11411 1111111218, 4. 222, 8. 1748 4111111449. 27411. 1848
mimae 1111111141, 1111 μισ 11111
11111118, 8. 4848 11111 1813114841 1111111111 91, 8. 171,2. 18411,
1111181411. 4141 11111181, 8. 142 Ι ὃν, Ι
ἴηῗ 111114 111, 1. 111, 11. hnffsffibff'lffi'flloffiss ffijssfgfflmffi'ssssfffffss
81. 1. 111, 1. 1111. 111, 11. 11411 1141. 1141ο

121142 1111118849 4111111111 18421. 1141
118412 188, 1, 11. 18418 11112,4.12,1,1111111”,ςι11 3111111 4142
ms. 11,.. ...1111881118 18114111

411, 9. 4149. 488, 4. 414, undu 18, 18 111111 188, 7

8. 444 9. 471, 1. 498, 2. 1111111111 1242 1111111142. 11. 2847. 12418
1149. 1849 11111111 2142 1111111178, 12
1111111748 11111111 44418 4111418,1.118,28
11111111 1842 111111142411 4111111 18411). 418, 11
1111111111 w, 18 hybernum 281, 8. 87411 {mitorum 188, 18
11111111 841 11111111 288, 1. 8848 11111144. 174412. 88418
ospitem 2849 1 111111,1.1111(11 811111 w), 7. 414, 8. 181, 8.
8111111842. 2849 [lyd 114, 8. 4841 11411
11131111 1848 hydr· ,8 11114748
1111811414, 8 11111111 1842 1111111418
31¹1?ss 111ζέ 111111Ὗ11,411’7 1111119111
1111481, 12. 1141 1111111 4844 81111111 2749
11111148. 2841. 811, 41111111 28, 8. 48, 4. 111,2.11111181.11

14418. 181, 11 149, 4. 1849 11111171. 1
11111841. 1241 1111111111, 11 11111448
1111112, 18 1111111848 Ῑ11114848
1111118, 2. 2841 1111111 12, 8. 289, 18. 828, 8. 111141 271, 18
1114111 188, 18 , 1141 1111411217,11.219,4
1111151131 111ξηῖ1111311 ἰζῖἷῖῗοῗῖἰ
111111 42, 8 flymena 187, 8 111 181, 8
1181127412 Hymetto 18412 1111111 w. 1. 111, 4111
11111111241 1111111111111442 1141181,1.849,1.419,18
11111111 2848 1111111 117, 4 11111941. 11444
1111 177, 7. 28418. Μ, 1. 1111111 8742
1111111, 1. 111, 1. 111, 11. 1, ³· RQ?
21418 Ῑ 184, 8, 4. 1847. 891, 11.11111174,11
1ω,2. 1444111111· 118, 1, 111 11111147
1111112747 inuno 4841. 488, 4. 11417 1111114418
11111111 21418 111111 1111111141 looiffl, 1. 1848
11 188, 4, 18. 888, 8. 841, 1. juventam 88, 18. 811, 8 1111 288, 18. 288, 18
1241. 111, 7 11111111 117, 12 1111111142
1111149 111118748 111189417

 

