555 · INDEX

44444444. 444,4. 444,4.,4.4444 44. mammonam ¹
118, 1, 6. 868,11. 8868. 881, 18. 886,1. 891, 6. 866, mmmmm 3
669,6,..8661888188661, 8.816,8.88Ι,.8 689.,8644446111181 5
16 5,l.55 555, 18. 618,1 555, 15 6444468,18.881,1.1111

64444818, 11 644481619 64444 555, 5. 816, 5 81111

6444418181 64444 861 1 891, 5. 611, 16

10..- 44, 4. 4444 6441411116 4444444144444444 1

64441111,6. 555, 16. 686, 81 6444144889,18 8. w, 16

64414811,16. 66686 644144 155, 5· 861, 6 duxitffl, 2 555555515

6444 8666 6441444681, 1 644144. 61414 ’

1144144 886.1 6464466111

6444141688.1 6444416861

6444144 555, 5. m, 5. 819, 8. 644114 555, 18 R
668, 18 644111 155, 8

64441441668 6441114866,6 11888, 8. 86816. 5555

644414 69, 8. 881,16 644114166,16.811,6. 555, 1644681111

644411414669, 16 641441,8.16,.1 168,.8 116, 4444446161

64441141 688, 19 8.161.1.816,.6 55511. 44644. ,ahmam

84441144 555, 8. 818, 16. 868, 6. 521, 1. 681,8 881,6. 6866111816
5555 64144,464.66,8,8.661,19 44644,4448114441. 555

8444444444 6869 64144 loqui 898, 16 555, 8. 8166. 6181118

64444 8861. 86816. 661,18 6414444188,6.186,18. 886.1 88

644 8666 641444 81. 5. 115, 11. 116.16. 4444489118. 8918

64661448868 118, 16. 555 5 ἣῦ, 1644444861,16

6414148168 899,1.,.8898618,11.6Β,.84448818

6414886,16.868,16.861,6 6414188.16.88,1.88.1.86,4444468116861

64688818 16. 188,6. 1118618684411816888161

64448414868,9 886, 16, 555, 5. 811,16.41411441886,88

64444444888,8 555, mem 414441468618

1144444444 886.1 6414148616. 8888. 668, 1641441486, 11

1144444 888, 9 6181, 5 41414144 585, 2

1144444 861,1 6414144414611414441441869, 1484144 86816861

644444881,6 64141644898. 15 41444 555. Ι81,1. M

641414 86118 dulciorum 681,1.681,16

6414144 681,6 641414 61. 8. 888, 15. 861,8.41444441186.11618

44414144, 15 818, 5. 555,15. 512, 5. 4644444866 6

4444444444 44414 m 44, 44’ 16188411

dubitem 555, 16 du1oinime5525 886,6

6414114 81, 18 6414144 888, 8 4411441881, 5

44444.444,,44444 444144414,444,.,.4444..444..444,ι44118

6444188616 81,1.,68168661884411444816,68181

64441811. 1. 555, 5. 555,5 4141411 Echionium, 11

64449,8.16,8.86,6.86,.,164416441,,644448188 4444166868
166,.8 14414414414144844.4444441444,4444414144.44
88. 6866 166,18,11. 555, 16 4644441168

6444488688111.886.11 64416441,44444614888,8 464664488618661

64444648666. 81818 64414464861, 18 4641816, 15

64444644 818 9 64411441 111,18. 255, 9. 555, 46448816. 555, 15

644441 61816 81. 668, 18 464886 9 5155

6444414 866, 15 644 44 8818 464461 616, 6

6444414161,16 6444 1441441886 4614441411811, 1
6444464898, 8 644414168,11.818,11461441881,8
64444114, verb. 8861 64414441868, 8. 6669 461414 861,16
64444114,44444.811.8 644 818, 8. 81, 8. 525, 8 461414 555, 15

64444144 551,1 866,1. 898, 6644644888, 5. edideris 555, 11
644444.86,16.166,11.18666441144811, 18 461444446618

888,1.868,11888,.6 555, 6441444 61918 4614616861

8. 818, 8. 661, 88. 688, 18. 6441414444 155 8868 edium 8661

681,6.689,6 644486,.1 866.1188,8,8,461411661,6
6444441888, 8. 688, 11 614.198,18.811,1.818,8.4611861,18 666,8
6444414866.6 896,.8888,6..8899.898,.8461141,1
64444, verb. 86, 1. 888, 18 886, 6. 688, 6. 555, 15 4611144 881,8
64444, 44444. 98,.8 151, 1. 861, 64444 8688 4614411861, 1

11 64444116, 16. 889, 18. 681, 6461441168. 9
6444118818 81688861 64444486,1.818,9.816,6 adomim 551¹
6441, 4448. 818,.6 8668. 686, 6444144861, 9 - 4644411881,

16 dumetis 886, 18 11644141168
6441644881,9.688,11 · 644444411866.18 4644411811, 8
41441444 44141444 555, 15 1444414414 4644444 8188
dumus, 4. 444, 44 4444444, 444444 4444 ‚,..-'555⁵ssss
(15015,m.185,11. 4444444444 «inat, 44461 ⁵5¹³

555, 11 6144148668 816, 8. 868 8 888, 8 464411

 

