VOCABULORUM OMNIUM. 657

1, &munnam men 111 01, 0. 1110100011
’ 11100915 1515. 214, 8. 241124111000019110
· 01100080110 12. 24110. 2011. 881000000141114
¹ 011000218, 14 848, 8. 4015. 41112. 4010000001 90, 8. 101, 9, 10.
- niumm 9. 497, 8. 584, 8. 507, 5. 5713
,11 ,. 1. ., 1· 111 11 1 ³· 1· 1 ²·
¹ ο 5 0 j ρ nomen m 0 0
2 0011110181018118. 2810. 000111οη14818 100187118
1 818 0010111000520,11 0010102515. 5810
00111100 711 1101001000878, 10 0010014110
ἶ nobilibus 5711 Νο010010001 89115. 42111. 110110080118
. 0001110 12. 22, 7. 07, 2. 188, 42112 11011000 01010 410
1110112218. 2914 Nomentum w, 1. 408, 14. 00110 2514. 8815
0001111811. 25118. 5019 41111. 4017 0011101218. 50118 .
001110 28110. 82110. 841, 01101110 210, 2. 1211341100018, 10. 10, 8. 17, 2, bu.
. Π. m, 13· 478120 (ωλι mn· 661040 bugu msto ⁸25⁵· ΝΛ· 1ω,180 ’
’, 5419. 55119 0010100,1.0.010011101000110 170, 2. nm, 15, 7. 2111.
„anamma · 08112 2410211118. 29118. 818,
00οο0014117 0001100110 188,1 111. 852, 0. 858, 4. 8014.
, 0000018014 00110020118011. 82110. 8012. 5019
, 000001147110 3811. 8811. 412,9. 495,1000011145,5
0000υο15810 9151114 0000010 40118. 5818
0010010012 0010ιο11100 0011105414 100000 89, 18
00000101 1218 00101110 105, 0. 178, 7. 285, 000100184111. 898,1
ffiffiffl 1019181111, 1, 11. 11, a. 01, 1331411110
00100000 271 10 0. 81110. 411. 41, 4, 010. 100101 4519
001010 528, 14 18118. 821115118517. 1001100110. mo. 807, 14.
,111
, 01010175, 7. 214, 4. 219, 0. 0000110818 0154105010
240, 0. 288, 7. 29112. 809, 001011101108, 1. 2119 0001100 5819
9. 42114. 470, ,4918 00001110175,8.50118 0001110111. ’ .285, 18
0001010 24, 7. 008, 8. 858, 1. 100 ampliu· 030, 4 0001100011. r. 184, 5. 218,
00115. 811, 4. 0011. 485, 001 0100100100 impetun 1018 8. 5014
’ 10. 517, 2. 55124 00011010 1012 000111, 00010101. 58110
000100 517. 174, 1. 205, 18. 0010111011 52122 nostrin 8, 15. 1510. 20115.
ΜἚο1101111111108280 Ἑέῑιιξ1ιῖοῗῖι8ιοῗ11ῥ unffi 1715834111 11. 1011.
0000100001 241, 2 000 001 qnod 5810 2014
001110 111, 8. 197, 5 000 00101 5019 0001101011 488, 12
10010 552, 15 10111000110 011010 914 0001100119. 5412
31ᾞῖ1811111 110, n 111 st: ἕξω. ns, 10 ’10111111 ‘¹ 8⁹⁴, λ ⁵¹⁰' ²⁴
mm& 3: 1111181111 1111111111·

nocturni 4512 1οᾙ01 1100010 4419 001010. 8110. 97, 8. 2518.

0001011110 lm, 0. 2219 000 00110 442, 10 0817. 502, 2. 512,1. 521,
00010100 102, 17. 1217. m, 00001100 3811. 8518 10. 5818

10 000 01111110 48121 0011005011. 5015
1110101000 820, 10. 554, 20. 0001011010400, 10 notabunt 8518

50122 100 00110 001058, 8. 442, 15. 11101111 5918
1100111100 279, 10. 347, 11 5019 001010, 00501011. 85, 8. 229, 2.
0000010 405, 1. 490, 8 000 00000 97, 2. 2018 54112
1100010001 110, 5. 558, 0 001 00000 00 578, 1 0010001428, 7. 578, 8
0000 1118. 142, 8. 18118. 000 0010012011, 14 1010100855,Ιο

47110 000 0010 1112, 7. 48110 101001080118
1000004711 101011 ,0 00101001 8418
uodoni 41112 100 0100 171, 8. 1711. 180, 4. 0001184114
1000102011 2110. 21114. 4814. 405, 10100, adju. 188, 2. 225, 4.
00000 0100110 0111005710 9. 40110 57111
1101004717. 49118 000 0101 11110 150, 11 notat 5112
10115119. 520, 11 101 010001110Ιο100 5815 1011104514
nolim 8011. 8715 000 0100100010 0015111118 Noni 18110
1011111014, 18. 8815 001011011111451, 20 11001110
noli· 118, 9. 3519. 4711 000 1001012215. 47119 0011, 0010182111. 409, 10
nolit 8814, 9, 888, 5. 5910 001 ungenda 0000 117 Notis 1718
nolito 5815 nonunquam 828, 28. zm, 18 Notis, 0011012117
10011οι0 0717 0001104712 001110 ” ,251 14. 512, 19
0011015111. 5411 001 1011010141] Noto ,128118
1101111010, 29 000 10110110 218, 14 noto 404, 4. 578, 1. 5810
101111110011 00111114818. 51117 10110 804, 10

1111

 

