VOCABULORUM OMNIUM. 619

1111111218, 6. 666,l 6161111468. 41614. 411111 666111 261,4
11161621, 6 61611661 678, 8 66611111 281, 8. 28616. 8468
61116616641,6 6111111461 8461 1166111661 218, 16
11146416, 8 crepuit 186, 1 6661111 4267
1116611661 6161616222, 2 6611116 62, 8. 446, 1
116 111, 14 61616661446, 8 66611616 4’88, 6
1116161 6668 6161666166181,8. 241, 2. 447, 6666666811, 2
1111111111 8668 26 6617,12.14,6,61111111]1616611
1111616681,8. 6866 61666616641, 6 fer
6111111,1.61161161 616161188,1’. 86,16.111,]6,661,1.6.111661848,7.6864
16168118 16. 268’,11. 2816 41’6, 8. 6616661,66628 14
61116616 171,4 6662 6614116884,11
¹⁸
61 , , . , 1 6
111168 2 61611 281, 7 cuiquam 861, 18. 8662
1161616471,8 61614428’,7 cni 66 886, 6. 421,8. 468, 8. ,
11126,11.24,,161111111166·0161116287,8 ’122 68612
1641111 1111131116ιῖ1 11161161 111, 1.
6111111661114668 6161616261, 2. 616, 14 486, 8. 668, 18. ’664,
16166866 616111284, 8. 286, 8. 4862 0⁰ ’1191116768
61114868 61161668446. 626, 24 6 16618661
ἠἰ”11ἰῖἷ’3”1’6’1’1’ 61ζῖ1111111,6””’ ’ ἕξῖἷῖἷῲᾜι. 1646

61161666 6111616686, 16 6666616467 6616641116
1111161 1,2 611661612618 culpa 16, ’.16 281, 4. 288, 1.
111616185,1.,4417 6116616188 12 4482418 166681626
1116166422, 17 6111161866. 142, 4 16616. 28
1111661268, ’8 2461. 247,.6 2668. 216, 66166611688, 24
111166 627 12 18 611Ι11,161611666 11
1166618468 6116166646, 7. 768,6 661” 16116, 6214, ll. 28616.
161641141617 6161666111611,’1 868
1616161 2862 1111111161 8866 468, 11 culpam 287, 7. 6168
166111 662 0111116661 8462 96191611 148,.8 864,11
1611164767 811111· 11161 866, 12 661116161418,6
1641111868,6.4688 6111161686, 18’ 6611) 111 281, 8. 861, 8
“dumam 1.,1411811666446,8 6611111188,’.,’62668
6162. 622, 18. 646, 19 616664111261, 8 66111161881, 16
1611111161 1669 erocum 1191 1116165 6
1646 61111464 18 01611662, 8 66116116 4866
1646161, 1. 216, 14. 877, 6. 61666846, 8. 468, 18. 6168 66168682
888, 18.’ 619, 17 419,,5 4’27, 611161116111882,’8 661111 26618
8 48416. 49611 6166161884,12 08140177, ’8 6767
6111111164 667, 6 61641182, 6 6611168811, 16
redere 882, 6. 418, 2. 48616. 616416 6611128618 66116666, ’24
6467 61646161621, 16’01111861434,8
16461661 111, 8 61646661466 8 6611616266, 11. 626 6
1646161871, ’8 61646111248, ’16 66116116 472 16
1641611617 61641481,8’ 6611612211. 26,1. 28614.
16416116886,6 6164118668 241,1. 4681 448, 8
6414611111 1218. 477,4 6166616111, 14. 161, 6 0111611672 11. 68612
6414611626, ’8 616666142611 66111,111161161.64646. frequentis
1641411661 161, 12 61661116 126 6 648, 16
1414616616. 21616. 277, 6166616618,’7 666116,1.6.666161111161448,4
8. 418, 7 61666161448, 11 cum 11166 46111). 11616. 21611
64647212. 47611. 487,8.6111166664848 6661661666
6881461417.’621,6.6’68,111101271,.8 2867. 81616 6661 6611161276 17

61661688, 11. 121, 7. 888, 16. 6661116122

1446688, 8. 681,11 484, 4 666611614841
14116 146 8. 621, 16- 664, 6 eruorem 48616 66616111 826, 17
641161417, 7 6166111161 86, 8 cuminum 628, 6
6411614868 646, 4 6166111681, ’18 6611616 62, 6. 147, 6. 24214.
6411661161 666 6161614118. 2762 2461. 26618. 4867. 442,
146469, 1’9 479, 4, 447,14,6111168881 621, 14 6 ’484, 6. 662, 6. 666, 8.
468, Ι2’ 616116611446 88818 8468 62616
64611262 22622866 6111188617. 881, 6. 866, 11 6666166166286, 14
6461661 114, 7 6161111416, l 6611616161 888, 4
6461611411 61661611826 6 4868 666611 688 11
1611628416 6661111466, ’12 66116161 812 16. 864, 16
6161166 8118, 2 6611611116 44, 2. 482,2 nunctum 411, 6
1666111278, 6 6666188616. 6668 6611661 81, 1
1916111866, 6 661161 272, 1. 281, 2 66661884, 2

167, 8.

 

