VOCABULORUM OMNIUM. 669

41511151, 1. 117, 5. 858, 81555411511454811 atramenta 54818
848, 7. 488, 8. 478, 4. 585, 1411544151114881, 18 11114114,1.1811,5.451,1
1. 588, 8. 578 18. 581, 4 apertus 588, 5 41451814 85, 7
585, 18 mpetum 151, 4 ,41451855 477, 11
morum 88. 1 aspexit 487, 5, 11 Atreus 575, l
41154878,14.488,11.487,18 apice 618, 6. 626, 88. 545,8.1141485,8
4555445, 7 555, 18 4111114881
111 11484 455 4 41111111111 1141111111 14
4851155811 4451514111 4581 4141854 88, 8
4185158888 aspiciat 614,8 4518144885
ripe 48818 1451511185,8.888,8 1514155,5.115,5.155,18.
4111114884 aspirare 5188 488, 8.588,7. 58811. 5881
4151111488 8. 581, 18 41144ιοί8887 414151111588
1551111511 811,5 444551445154 8884 1115881, 14. 888, 8
1545141588 mem 826, 7. 517, 4. 55815411555111 88 8
154111185811 5888 atrox 86, 18. 18811
'1⁰6⁶‘ 488, 8. 588, 8. 578 υ4554164ἑ54554588, 18 411465.ηᾶ 8271, l. 488, 8. 584, 8.
5411 , , ·
15411881, 4 14411154 422, 18 86ae 5888
11115Ὦ4,8 1145185111 888 8 1115555888, 18
15111785 · 5455454511,1.155,1 4111111885
1188 8. 847, 5. 854, 5. 548 1441851485, 18 41181514845885
18 115851488818 41145155 8888
5887.15818.81818114151141115888 5115111551 887, 18
461, 7 488, 8. 587, 8. 551, 1. 14114887, 12. 488, 5 1855111552.Ῑῖ
185, 17 881, 18. 588, 16. 54114151451144115111144888 4115581458
’188, 4 5141415 878, 5 attentius 547, 5
554411454151811 4144544181 11155155451,7.487,5
151555145111488, 8 11155411418, 15 1115111151 781
1115415115118484 58814 5445515514118, 11 18515541481
11848, 4. 85818 871, 5.11151154585,8 Atti 862, 857818
86, 4. 488, 5. 584, 5. 544, 1115515488, 14 ,1111554884
54811 1545515458711,8 8111514188
661 11 51515 Assyriam, 14 1111511511
1151 448, 14. 558, 8 Assyrii 166, 5 mineum
54155 457 1 8485545788. 5185551484
1888 4 8485 485, 844188858745.878,5 5111551888,18.874,4
58, 7. 578, 4 1141418788 11115511 588 4
1411884, 5. 848, 7. 858, 8 ,1115415178 4 1111511554, 5. 15115114
154171, 1 utra 888, 8. 814, 4. 887, 8511511545581, 18
51181 8881845814 48551151181,8
1158, 8. 185, 18888, 18, 15141881, 8 1111445848, 15
1. 588, 81 54111515 1145, 18 4111454851, 16. 4781
5514151515178,4 · 511115455818
, attingitur 266,6 1111114114, 5. 418, 185888
4411551181. 55817 41541111 478, 8
4411114 4888 avaritiam 85818. 87885
astutum 844, 8 111545 888 81. 518, 4. 5581
1111118,8.818,1.488,18 511515144818 avarum 826, 85488
185 5155ρὶ55155 1154114188, 6. 88815. 888, 7.
4111111888, 18 855115488811 · 422, 14, 15. 488, 7. 517, 8.
1111115 885, 18 Atacino 861 8 548, 855818
15487 1111141, l 5555114481 8 581,1
1111888,15.588,8 11154181, l. 818, 7. 888, 18. 1551154448, 15
111515555151114888Α8 5588 1551548, 4 55, 5. 157, 5. 854,
878,18.481,8 48155155587 8. 888, 11. 485, 8. 485, 18.
11818, 7 Athenas 664,22 558, 18. 668 6
5587, 8 Athenin 881 11. 458, 8. 5485 1551545154458,8
1111 8711, 14 1111554545 54818 auctore 151 , 18. 1811
88, 7. 454, 7. 578, 15. Α1155145478,8 auctorem 85815
1,1 8115511555178,8 1155154857, 18
ι 14, 8. 66, 18. 418, 6. 4111411484, 18 15815555488
1,.7 858, 88 515585555151114115141515515 51484554 18818. 8888. 885,
411488 11555,1..,.55511118855888,8. 18
1111788 451,1 15111411, 8, 18. 86, 16. 162, 4.
54154541788 51511155, 18. 187, 81151151 8181. 88818. 4881. 414.
14155515485,14 8. 558, 15 57817
6 55 ¹2 ²²⁰ 1111545511,
141 nn
1218, 5. 8788 11455111115111154511141188,5 5111151111 517 18 558, 18
155 588, 6 5145 55, 4. 858, 8 audendi 664, 18

Rr

 

