VOCABULORUM OMNIUM. 616

116 906, 8. 990, 10. 869, 19. 6111611111 649, 10. 684, 11 6116 9861
41614 chod-cmm 6161618401
1116 11166 480,1 chordis 946, 6. 840,8 6110611891. 61,6. 14, 8. 116,
1116 448, 9. 460,8. 619,19 6661611944 6. 1681
1161996,16. 809,6 66616111499. 909,6 cithare 119,9. 148,6. 118,10.
66166116911 6116114,1 181119. 490,6. 419,4. 480,4.
111166111164968 chori· 190, 4. 169,16. 610,9 61166161 490, 4
m 4, 8. 1669 choro 108, 1. 961, 19 6110616611 684, 16
“mm 6116161 19,10. 900,11. 949,1 611161 86, 16. 880, 4. 409. 6.
nice 148, 4. 918, 18. 4806116111 819, 19649, 10. 664, 44419. 661,9
11. ccc 16. 111, s. 1166 cito 61611
nice subactu 16116 jugum 661666196616. 669,4 61116 6616 090, 9. 406,1
101,10 0616666891,9 61116 899,0
111616 84, 6. 190,18. 191,6. 6011111614169 611166 994, 10
604,1 011]11616411,8 61166 801,14
uici 118,8 Chrysip& ἵξῃ 611ἐ171886ἠ 6. 116, 6. 896, 11. ι
1111 1 ,1. ”9st f 6106 916,11 civem 444, 1. 618,1
1111114649 6161111661 611611,4. swa, 19. 418. 7.
nix 881,9 cibum 981,9. 898, 0. 408,9 6166918
1161 180, 1. 940, 9 6111614919 611114, 8
11118916. 601,9 (116]111166489,9 civibus 690,8
1611611614 cicatricum 89,4 6166648918
:ccccm 111161 1661
1 ’ ο Π Π 1
1161161 w, 18 6166111 mc 464, 9. 618, 18 6111161111,8
1161166910,10.611,0 cicani 8696 6116118846
11616 496,11. 601, 91. 660,(11661111868,10 civilibus mc 411,6
18 6166616618, 6 6161119616. 668,11
1611916, 9. 49911. 481,8 61661111 4068 611111192816. mc. 299,ss
116168, 8. 684,11 616611899, 16 civitatem 919, 1
0661111406, u 6166116668,11 611166168,8.166,14.900,1
mter 461,6 616116, 11616411, 11 61666 151, 9. 968,8
111166 419,4 eiectam, propr. 6111, 498, 11 6166611108
1161616 698, 9 cicutis 91016 61666611 689, 6
1111116699 cimex 89419 6166611 49616
16611198,1.818,6 6116111468,1 6166610611 411,4
0116669410 616116116616 6111161461, 10
1611161811,9 6166166610,11 616661 894, 0. 691,8
1111 188,9 6116161111,1. 960, 10. 991, 8. 6166611491, 6. 689, 10
16116 4460 691,14 616661 88919. 416, 99. 616,
111 “ mle. 666, 18 611611000 ,19. 691,1
1 ,6 61131999, 10 61666 899, 6. 680,11
6311161161πῶοᾕ oluff& 0. 111, 9. Μ. 16.
cccc ,
, cumocn’ cmm 116, 11. 111, ι. 111,
” ’, 1111116,ῗῖ 111 efficacem. 1116
6116166916, 19 61616 1166166 468,14
61611611 999,1

111166 cn 480, 11 cibaria

. 11ᾞᾰ1711 cmm.
,1 clm 141, 6. 181,11. 96618
61161161 496,1 6111161 149, 14. 118,8
circo 498, 19 616111 940, 6. 681, 4. 690, 9
circum 189, 1. 910, 9, 61 alibi 6111111944, 18
sreqmur 61116 809, 8. 810, 16. 661, 11
circum, 1616.818,4 61116166 660, 10
circumagi 089, 16 616161811, 19
1661661066 990, 14 6116166611 881, 9,19 616166188,1. 94611. 8698
16 889,1 611616 6118008 6166190616. 91811. 811,6.
111111βέ 1610οᾗ7Ιὰ11 ἓιξῖἓέω 11111500, ΞΜ 41918. 494, 11. 496,1. 669,
ium, 196, 8. 408, 0. 466,8 6116661661111696,9 611116 80, 19. 110, 4. 184, 9.
amydem 690, 1 61666166616611 66611 084, 18
1111641161 1111116161ῗέ 11611116
166 66, 4. 118, 9. 119, 9. 6116661661111614,0 61111166 9666
,ω,9 6116161616189. 89918 611111140,0
161111 114, 4. 118, 0. 911, 6 616161611161489, 16 61616161 601, 16

 

