1161111
'wa {⁰⁹⁷ S
gffiffl' 11, 11
31611111
:Meta
expergteoertettm.
expetnt 461, 11
expertem 61111
expete 161 11. 1616
expete ιιιιῐ1ι411, 6

experte! tt, 17. 111, 7 511 iextrieete 166, 6

expex, 6. exe
expetit 161,
6616611611
expiere 111, 16
expietis 11, S
expietur 171,14
expinvem 171, 11
exple 111, l
ιι616ι111, Β
explicet 411, 11
explicuere 11611
explicent 141 7. 411, l
ex ploee 11111
6166666617
exponimur 16611
6666611171, 11
ιιριιιιι171, 17
‚xpreeee 161, 6
exprinetSM, l
expugnabit 181, 1
expugnare 447,1
11611
:pue 114,11 6. 167,14
expu 611, 17
1ι6’ ino, 6. 1166611166
11111118111112115
rxeeeto 111, 4
6616661 71, 11 .
muni· 1161
6166661261
ιιοτι 661,1
mpee 111, 1. 1661
utto-t, 6. extruet
”tem
ιιι ,
xte 176, 1
ιιιιῑ 17611
xtet, 1161
xtendet 1661
xtendere 1766
xteedieee 611, 6
xtentx 7166
xtento 16, 1
xtenten 646, 1
xtenmtix 1666
xtgxgr “eamn 411, 16
1 ι
ι16π61467, 11

VOCABULORUM OMNIUM. 121
ι
ιιι, ιι

extimui 411, 11
extimuit 666, 11
extincte· 6166

snectutem .,.1116 111, ,
1661ι611114111,11.6.
14611.167,1.164,1,7.
661611111618 116, 6. 116161 16611
{imm} ²¹ mig} 11. 11611. 1666.
ιιίιι161,1.177,11. 6161. 166,.1116166111Α6411,
616 7 1.111,.1 416, 16. 1161
uin 66166166 6666666111, ,ξιιιὶὶξίὲθόι
s
extreotue 1116 66161666 411, 11
ιιῑιι1ι1661, 16 66166111,17.161,1.117,7.
6ι6616447,11 161, 7 46611
extreme 171, 7. 471,1 1ι61661ι461, 1
extremi 111, 17 1616616114, 4
616666611,6.111,17 feeieex 117, 4. 461, 4
extremo 164, 11 1ι61666ι 111, ll
extremm 161, 1. 1661. 111, redeuntum, 17
11. 171,11. 167,7 stoice, ιοιι. 116, 1. 116, 11.
extremum 1716 471, 1. 676, 111, 11
11. 66611 1ι61ιι, 666. 161, 1. 171, 14.
6ι616ιῑ116, 1 6661
16166111, 11. 1167. 44611
61666161, l 16116111, 1
6616661161 1611661161. 1161. 1161.
ιιιῐιιιοῑίι 166. 4667 1161
extrudere 66611 1661161611
extrue 1167 66111111, 11
extuderit 1161 1ι6111ι447,1
extulit temo fecimus 14611
6616617616 1ι6166ι611, 17
exudet, 6. exsudet 16166166
exuere 1166 feei· 114, 6. 111, 7. tm
exat 111, 1. 117, 7. 111, 11. feeit 117, 11. 111, 6. 11611.
661,6 111.11.461,1.611,11.611,
exules 116, 11 4. 1161. 611, 11
6ι61116161,1 1611166661, 11
seete 161, 6. 111, 1. 6161.
611, 1. 611, 11. 611, lt.
1². 617, 14. 6661
66641611
settin 661,6
166116161611 ‘
1666171, 11
1ι6166111,1.1ω,1
6616161, 17
steten 11611. 171,16. 117,
11. 1166. 161, 11
1ι61616ι61,1. 4461
16161661
1666161167
fecunde 11, 11
1ιοὶιιιι1ἐι761411ἐ 16. 1661. 674,

tent 411, 16. 4664
666 111, 16
6661666166
1ι6611ιι 464,6
seber 1761. 61616
minem
reticete, 16
Fabium 1166
febri 17611. 64616
subtimeret 1167
Ἑι111616411,1
Fabricium 161
1ι61111ι641, 16 seeee 61,11. 111, 1. 111, 11
febres 641, 14 sm 441, 11
sebalem& 11617. 11611. teeeibue 6661
111, 7. 4166. 477, 6. 617, [mule 461, 11
1. 611,11. 14611. 676, 6. siloe 71, 1. 1661. 117, 17
66616. 161, 17 ΡιΙιτιιι 11616. 111, 11
tuente, 11, ll Belem 61,]
sebalem 16611 Ptlemi 61, 11. 17, 6. 1161.
suentensem 171,11. 181, 7. 411, 16.
1ι66 176, 11. 161, 11. 1161 611, 6. 611, 11
16616166, 11 1661611166
1ι66ι6117. 11. 1161. 481, 11. 1616166411 1 416, 6, 11
467,.,11111.616,1 6166664167
1ι661661166,16.611,1.661,1ιΙΙιιιιι171,4
16 1ι11ι61ι16,1
1666161664 61611661. 667, 4. 161,
1661611761. 1161. 661, 16 16
sxeetum 611, 6 6161669

 

