VOCABULORttM OMNIUM. , 645

11111111111549, 1 11111111 84, 9 laudabit 525, 16
1111158918 11111111117,5 1111116111 196
5111111, propr. 697. 89, 7. 518, 111111 988, 4 tantando 228, 11

11 11111 269, 2. 866, 16 11111111 516, 9
11111111 1998 11111 164, 5. 466, 18 1111111111 224, 17
1111115198 11111111 462, 12 111611111297,6
1111111996 11111149916. 552,15 111611149911. 4991. tam
’.11111997 11115191 11141111982, 11 ,
111166,5.522,15.547,15 1111156. 5. 19916. 194,1.1116111447,29
11111991. 18918. 29918. 2296. 299, 5. 2892. 959, Ι111111111994,1

59914 19. 968, 2. 5699. 565,1 laudas 94, 7. 464, 7. 465, 1.
1111114694. ttae 1111112999 457, 7, 15. 499, 16. 5 2, 7.
anea 986, 92 111161151917 591, 6
1111111291, 11 1111111 278, 8 1116116494, 8
1111111111192,14 1111111246,7.277,14.286,6 laudat 9, 9. 924, 9. 995, 6.
anguet 284, 5. 59916 1111111149,19.86,11.299,16. 976, 11, bis. 4599. 569, 6. .
angaida 277, 15 589, 15 598, 5. 546, 4. 551, 21
1151161111 vina 299, 7 latentia 24, 9 1116111447, 2
1131151127, l. 218, 15. 2797 1111191111289, 16. 997, 6 11151111574, 19
111ςυί11111498,6 111111, verb. 9897 laudatore 589, 11
1131112899 11111114691 1116111199916. 987, 5. 461,
1991318111ῗέ 922 1:121511910 1111898111
anx 486, 9 laterum 889, 12 laudavere 579, 19
baomedon151,l9 1111122, 8. 94916. 4795 laude 222, 2. 295, 14. 245, 8.
apathi 111111126915. 497,4 latinae 256, 17 499, 12. 556, 6. 5897
1118111462, 2. 554, 14 1111111282, 4. 889, 19 laudem 258, 16. 579, 16. 5892
1115111897. 29918. 219, Latinis 989, 9. 482, 7. 41911111111141911

12. 25918. 44916 586, 2. 55926 11111119111111169. 595. 244,
1ρ161111965,7 1111111111 14. 912, 19.Ι 51912
111111156919 latinum 74, 6. 261, 1 laudea, 1115. 926, 17. 446, 17.
1ρ11111996,16 butinam. 2992. 52911. 514, 16
1111114919. 9797 5495 1111111929, t. 929, 8. 995, 2.
Lapithas 119, 9 latior 576, 7 5911, 6. 575, 19
1111111111 46, 6 11111 55, 9. 182, 9 11151111569, 14
apaa 141, 9 latitantem 186, 2 1111111419, 15
11111131ἒό84166 w 1151181111 ἓθ, 8. 812, ’9. 556, 22. 9111111511 96, 112. 5949252395
a ua 1 , , ¹ 1111111111 111111] ·,
11881111 1991 1111111996. 128, 5. 147, 7.111111111111111516,9
aquatum 411,4 1111111696. 22919. 494, 6.
1111112995 111115 74, 1 499, 17. 519, 14
nqueo 26911. 421, 6. 51926 1111111241, 1 lavemur 4998
111111151912 Latonam 52, 6. 217, 4 111111, bafia. 184, 8
1111115991 1111111111111111161111469,5 laverit 298, 16
11111454, 16 latras 948, 16 1111111516, 21
1111114595 , 11111111486, 17 11111111959,11
m 446, 16 · latrent 277, 17 1111112491
ι11,1“.1.11111192,7. 218, 8. 1111119119, 16 11111111415,2 ·

479949912 1111194911 1111198, 7. 162, 9. 185, 6.
..11111111 111111111111 1111
matja. domum 1195, 8. 4597 11111111 274, 6. 479, 5 laurea 129, 5. 2297
11112994. 276, 9. 298, 91111111511859, 16. 9992 Laurens 49199

31197 latronam 95918 1111115916. 22916
ug. 195, 6 111111552, 9 lauru 168, 7
„ge 23, 6 latam 991. 478, 4 laurum 96, 8. 1896

υς11111594,7 11111111111111966,9. 9691 1111111996

113111981, 4 latura 265, 4. 998, 11 11111971, 16. 5295
1181111 1988 , 1111112697 1111146914
ugia 224, 8. 228, 19. tot, 19 1111111 997, 5. 5592 1111114997
1η1111957, 1 11111 latoria 994. 55, 8. 168, 11111799. 4298. 4595
11811111115696 6. 181, 5. 2117, 8. 21912111119497
argo aigi lg {1358189 2229ῂὶ4. 238941ῃ 293, 1113113 1890987118, 12

⁸ 1 · a · 1 ⁸ 1 · e ΝΠ δ1
{mmmm 96911. 4291 4595. 188,16. 496, 8. 499,1.151611562,8
1111111111 14. 5198 1111126919. 566, 8
,1111111191 tutante 1111914 1111119695
arva 1199 11111, a j. 429, 19 11111 465, 1. 52911
111111197917 11111111954,4 lectica 997, 11. 4292
miv-ts, 9. 25914. 458, 16. lavatam 94911. 9796 111111 954, 15. 45914. 48914

561, 7. tta. 17 laudabant 469, 15 111119297. 99911. 46924

malva> 189, 17 laudabile 588. 4 11111 libello 472. 7
ascivi 186, 16. 918, 8 laudabit 524, 6 11111,[1111111.974,9

 

