VOCABULORUM OMNIUM. 697

ιι,121442 14 2111321282, 6 , 1211 vulpe 1111211112ιωὶ 582,
ΙΙ1111111111118 w ¹⁰ 111 8 11111111171729514 1211111211, 8. 424, 2. 474, 10
21 ιε 225, 22 2111222128212. 522,2 12111212. 22212. 522, 8.
21114225. 51216 211122141215. 421,15 52211. 5425. 551, 21.
2111522, 2 utrisque 481, 8 56217. 5725. 5828
21111422, 8 2111215122 vaitei 427,6
1212 1
2111252, 14. 422, 2. 428, 1521121113 21487, 11 1211286,14.122,4.117,2.
444,51,145812. 512,121611.2112111276,2.425,6.52216 182, 15. 242, 2 45212.
527, 4 utroque 12111222284 52211. 551, 5. 5622
211121416, 14 2112111467,14.512,5 1211211121, 5. 167, 2. 274, 2.
21111456,1.421,15.526,2 211212,1.1.12521,12 4428 418, 6. 52212. 818,
1111111527, 16. 5522 2112211η111115116, 12 15.552,.1662,16
21112262, 5 211212111Ἆ4μ5 4888 452,141’211211,22111,158,12
2112125825215266121122211225126,2.288,12112128.4818.62,2.152,
7 27522252 422 1 22612 252,.17 27212 1221124128
12455,2.522,6.5,1615. 228,16.455144628.477121121,311122,,2.27515.50272,
554,1.,.655514562,6 124871257212 17.262,11.475,121556 8.
2111111421, 12 21152217 522, 12
121111121211. 182,15.2111>1211111411,12 vu1n8l8, 18
257, 18. 275, 6. 272, 5. 881, 2111122,8 . uxor 127,6. 12211. 157,14.
2462, 2. 421, 12 21111152,.1 26212. 44212. 182, 6. 215, 24. 26218.
211,11115.22,6.242,.11256,.6 4621255217 22816. 41222. 42214.
4222 482,1.,48511. 425, 21161124 472118
11.521,161518,2114.1,512 11111121,13.211,2 2111114225
1.522,15.5,747 2112211422 212112125215. 421,6. 4226.
’12111111111111111111111111111 11111111111111121111
21. 521,11 21211111121227 1112111121 2222
11111121 521 15 vulgare· 152, 4 2112112122
21111 477,2. 478, 2. 524, 12121311114626
544,111557,18. 5822 12131111152,8 x
2111121225 1213111264,16 ‘
1111112124 12131111 246 4 mmmm 4
1111111 514 16, 611. 542 6 572 21213111 526 2 thfflo ¹ '
uulim818,1 12131254, 1. 272, 6. 521, 18. '
21111111517, 12 547,4
2115162111 526, 12 5721. 572 1111, ,1121115522 2622. 466, Z.
2112111182, 2. 164, 4. 215, 212131121417, 4 211Ρ1111118148,16. 242, 4.
228μ1225,.,246218 121321828.1,,2281244. 4221
2111111226, 1. 244, 22 1421. 481, ll. 528, 4 211111 524 2
2121526111 1111111227, 8 122121512
1111151214 1211111162, 2 mmm, 1.1.1212111552,4
utumque 184, 18. 512, 16 1111221 282, 17. 5524 12211 71,4

’11ρί1 (1111111111 1111112121, 81421111811111.

 

