006 INDEX

1001111007,.6607 ,0 1610666101611680, 16 6166111000, 10
10161011. 00010. 616,Ιο 1616111186, 10. 070, 18 611170, 6 060, 2
1116111000 60016 1661116 270, 6 6116161 17, 0
10611171,0.,20710.000.10 761666108010 6611000867 88.ss
0800, 00016 600,’,’10.161·66111100 077,10600,6
660,1.660,8.8,6026 16160,8.00,0.,,.10021061611016100010010
1ωι11000,,02160078,10.101,1.270,10.280.,0000 027,1.,.,066708010
007,Ιο 11.000,10. 0110. 000, 11, 61616Μ7. 0006
1061111000, 6 10. 006, 6 6161800
1961161678, 12 1616187, 10. 681, 6 6111116001. 6107
19611011006,51’1.007,10 101 61100116 670 7 6116111600, 10
vomeri-24⁹& 1011 228, 20. mh 11112. 6111110008 601,16
160106,2.20,6.168.,6.202 2800 6166160016
0. 277 0 281, 8. 000, 8160006 616080 6611111001
077, 0. 08010. 000, 0161161180. 200, 10. 2001061111111278, 10
119Ῑ9 ³0⁶.'.4.³128.⁸25,2748.uum121'.9.m1.ffl
10616111161686,0 10. 062, 20 716 000, 10. 6506
10616006 16111116,0.,,0188.08011 66,10000.000,7101.15·
10016 teum 0 161111610012 88010, 17
10611,116111111,170,10. 007,10.1616000,11.080.7 61012 6166666666670,5
0008 081,6.072,.0 078,161601600,6 616,6611660610
111111111μο 11611161611111 nu.. ..eum 1111111
082, 10 16111161 17010 Ἴ. 001, 0. 067, 0 ’
16111 1166111670,10 vox 6701. 68011 61661 661668, 26
1116110010 611616100012 616111, 11. 166661 000111
106617,8.000,6 6166161011 10, w. 2007. ὕ1.11
166ἰο600 61616110000 006, 0. 008, 00. ²0. 10
10611161 06, 7. 000, 10, 07017. urbani 088, 7 680,Ῑο
00010. 0001 6111616670, 11 6 661116116116661111160111
1661120010 6161666000, 6 ²
1611111617, 18. 6006 61116661 666, 0 000100608111661000
1191101116ιο50,11 16. 61018 6200 61111285, 0
16116116800 1111161606.177,0.008,10.11116Μ11
16116111 1600 020, 6. 00011. 060, 10616061
1910016, 11 190,6.111,11,119,11.111661,.1 111, um
volate 00012 6000 011,0, 01010. 61010
..11111 111, 11 amma ..1 101 1101, 1199, 1..... ι... ..1116011110
1610602010 7 2⁹7..ss 0001. 010,.7 1111615010 60111·
161161660, 10 020, 011ομ7 081,.7 880, 600 10. 660, 01. 66011
1611611002,Ιο 11. οὁ60, 17 007, 6606 60017

161161162607 6000670 l 6101,661116ι“ρ.066,0.080.11 1
16161007. 000,18006,.;126111ἐ666, u,

08010. 518,10. bffl 0 8.
101610110,10.000,10. 009,,10 8078μο 5501850010. 071
12. 018, 0. 01010. 08011. 6706 61,1“.1.661161616076,8Β
50ομ5515μ1050οω7507615101οἆἳψο85051511 0001,5.οΙ2,οἤ3
17..580,17585,0 5000 50011
16111111 207 2 61111116ιο0, 6. 287, 0. 602, 6 61,1“. 1. quomodo 11011
1016082,16 6111112206. 0601. 00012. 161, 2. 180, 2- w.
1610111111226,12 60010. 602, 10 0807
161661111079, 10 1111111116 101,·1. 20010. 200, 9601. e. 6 66116 w. 125
1611161116 786 006, 10 61111282, 10 11 2701

16166111078, 5 6106111606, 8 61, 1..1 1001661000.οἥ1
16160111000 016, 8. 2006116111810, 10 060, 10

15 61161101 610 0 61,1,.1 1110611097, 17
1611661000, 10 6111111060, 10 61,ἰ.1.11666111167,1.711ι
1611111111 019, 10 61611080 0 080 0 0 0001. 0001οΝ
1611116,1“1011.110,0. 201, 0 1111161000, 16. 2820 6161666666116 wi qm·
1016611 01, 10 61116191,11,010,0 1101110111
161611661050,1 6111000 601, 18. 607, 0 61,1, 1. 61666001, 00
16161010, 0. 6000 6161007, 00. 060, 5 6111661080μο 19605111
10161111 010, 6 urgendo 116, 1 602, 18
1161611100. l· 41917 61616119. 0 ut cuique 611 19111001, 0
16111161 267, 16 66101612006 00 01660, 2
1610111161 607, 0. 5102 urgere 001, 0. 580,Ῑο 61 111161 000, 7. 00510
16166161 0800 urgeri· 008, 0 6116611016, 12
1619116201. 68011 1111111101, 1100. 00010 6166111006
10160111 600 ur 110, 0, 60, 0. 67,8. 216, 6116161616 0608
1616 11100ομ6 000,0.001,11. ,0600 0001. 007, 10.011111111061,6

,1.1 667,16 01011. 06010. 060, 2.61166116108,0.006,10

1610611116 1166161οο800 00017. 66020. 661, 21.616111161611161007.11 1
1610611161,0 6007 6116611016 06011

0.
101, ᾔο616161116011002,8.0501
01061616661611620007501·

6.
,0,060,

 

