VOCABULORUM OMNIUM. 666

61616188, 9. 186, 8. 816, 16. 111, 16. 14611. 811, 16616161 11616768
88610. 416, 11. 488, 4. 4168448, 6. 471, 16. 661, pedet 48, 8. 184, 8. 198, 9.
6868 14 . 891, 7. 878, 11. 416, 1. 461,

6161161769. 8668 pauperies 191, 16 117, 11 18

patribus 140, 7. 8868 4116, 4. 466, 8. 66611 pedestri 1161144611

6161111064 88611 616611161616819,10 pedestri 11161661 6666

mimoni 419, 6. 417 ,1 61661111 lae, 6. 18611 pedestribus 1167

,1111641618 6166161661818,6 pedibus 860, 6. 879, 11. 898,

6111161 8, 8. 114, 11. 441, 16. 6166111111 81, 6. 66616 4. 604, 11
691, 14 6166111111 486, 6. 61618 616166161166111 verbu 8161

61161118, 8. 88614. 846, 6. 6666111161 6167 66611116768
871,17. 889, 10. 646, 8. pauperum 18, 8. 144, 6. 118, 61610167
6869 8. 86616 6161111661 64614

6161666886, 8. 667 ,8 Pausi-0· 46619 1616168611

6111161 1869 611811, 11. 4869 {edum 84,1

6111661 497,7 peccanti· 4666. 681, 11 161161661. 1661

1111666 496,8 6166611 174, 18. 166, 9. 616. 66111111 1164

1111661849 18. 68616. 67611 66611761. 86611. 468, 8

mmm 188, 16. 886, 6. 1666116611 68, 7. 461,1 611611 166
11. 161, 17. 8661. 6161 61661146618. 469, 8. 461, 61161166161161488,10

6116664164 14. 688, 4. 684, 14 6161114861. 661,6

6111661 874, 11. 4164 6116111 846, 1. 61611. 679, 8 66 11146, 18. 881, 8. 619,17

111611 4861. 464, 6 6111161111, 4 pe ugo 16, 7

111616 tum 616, 14 61661111 844, 19. 84611. 617,1 611661 86, 6

»1161116666 61666611664161 1111174, 11

6161114861 61661161 47616 Ρ11116616,4

11161666 6766 6116111116 8468 Ρ1111616477,11

11611117, 1. 118, 4. 861, 8. 6166661 6868 Pelen 66614
8761618. 466, 1.667,1 616611886,16.607,4 1161616666

1161118466. 861 .876,11.61661177, 1. 118, 9. 847,9.Ρ6116611806,1
8968416111. 1,6.684, 4769 Palignis 1968
11 6611611196, 19. 411, 6 Pelion 161, 11

11666 6761 61166166,ι1.161,7.161,1 66111806168666. 616,6

66661616 1969. 88610 666611180614. 616, 18 pellebat 601, 16

meu 46618 , 616111 88, 18 , penem 400, 4. 41617

1111111868 pectinibus 488, 1 6111161117, 8

6116116168, 1. 181, 18 6161611 188, 14. 167, 9. 176, pellente 1165

6111611161 ll. 198, 1. 411, 11 611111 144, 10

11111191, 11 6161611141, 8. 16611. 888, 9. 6661111617

11116667 869, 1. 87611. 441, 6. 467, 661Ιί 8860

»1116161666 18.481,1.484,8.688,16 6161611308. 8· 69181

6616146616 pectoris 466 6111161 18610

666616196816611 6111161166. 1161. 111, 8. pellicem 171, 16. 1764

61166166 18614. 8666. 804, 1. 866, 6661601161 44416

666161616118,1 18. 471, 8. 641, 16. 648, 4. pellicum 17611

61114668 666, 19 61111196,11. 41614. 648, 1

16111116 686, 14. 668, 19 616611 688, 8 pellite 1616

1161111610 6116611178, 8. 478, 7. 601, pellitium

1616 841, 6. 848, 11. 886, 7. 11. 666, 1. 614,1 6166611869
486, 6. 618, 11. 6864. 678, 6166611 66611 11 111161- 11161ἀί01467
16 61116,816.489,6Μ . 116611 16, 6. 66, 6. 114, 4.

6616 61616667 61666111 1461 8667

’161661 81,1 61666116161,8.168,16.170,11 6116111 487,7

161666 96, 7. 181, 16. 148, 7. 616616, 8. 11, 8. 196, 9. 119, euntes 106, 8. 187, 7. 164, 6.
846, 6. 448, 6, 16. 618, 6. 18. 168, 9. 166, 9. w, 8. 11611. 41611. 441, 16.
67618. 68618 846, 6. 416, 4. 448, 8. 449, 497,9

’16161 W, 14 9. 666, 4. 614, 11. 617, 16. pendenti· 481, 11

none 4661 619, 6 61661661476, 14. 661, 8

avonem 88616 Ρ161611880, 10 pendet 148, 4. 1961. 8664

1116148611. 61619 Ρ16161488, 18 6116611666 1616614469

uvore 1861. 4661 pedo 18, 1, 8. 86, 11. 84, 10. pendulum 116, 16

1 1189, 8. ⁰8, 11. 111, 6. 16611865. 1961196666661616169
8618. 411, 17. 44616. 8169, 11.* ,17.196 1. 61611965

1
,6
68

61, 61. 661, ιι. 16, 11. 666, 5. 161, 1, 6. aas} 1611111116. 1761. m, n.
6666 . 16611. 66, 119 666, 12. 661,6. 111, 11. 111, 6166,

1661116611 6161 869, 6. 887, 1. 8 1, 6. 411, 14. 687, 8. 68611. 6766
mpero 464, 6. 601,7. 6861 8. 488, 16. 49618. 601, 18. Penelope 447,8

16611116 188, 6. 146, 6 618, 11. 619, 9, 16. 689, 8 Penelopen 41, 11. 186, 6. 447, 8
1661161 441, 18 6161 nerto 678, 16 Penelopea 479, 1

nuperi 18610. 191.7 6161166116 6661 6161148614. 61618
166111661471, 16 pedem 111, 4. 140, 16. 191, penetralia 111, 6. 68616
1661116618,10.46,8.166,6. 11. 86616. 6668 6161616661188,6

 

