620 INDEX

ωιιῃιιιὶ111
111111 111. 11, 1 111. 11, 11111111, 1. 111, 1. 11115111111111 ’

7. 65,4. 76,1. 445, 10. 471, 521,15.550,12.560.8.581,12111151 527, 2. 575,8

5 111111 400. 6. 484, 12 1111511 176, 7. 197 , 9
0111111111,1.01111111111 111111111476, 11 cyathum α), 8
111111111550, 17 1111111 affl, 5 cyclada 57, 10. 217, 5
11111111 585, 7 1111117751. 505, 7. 518, 6 1 olicus 571,0
111ρί11560, 4. 487 , 15 11111257, 11. 512, 8. 501, 5,4 ,1111111 565, 8. 557,2
1111101540, 18 11111 164,6 Cyclope 572, 8
11110011051 11115015 0111. 111152
11110111οω011111111111527, 0111114741 oyem· ,16
1111101111 1111111711111472,5 00111101Ῐ1110595,1.557,15 ο10111111113477,80
1111 1· 11 ,., ,.,
111111111111111111 111ηέ1111 1111 ’ ”
Cupidinum 48, 1. 225,5 1111115885 01111111 25115
cnfido, 1115111111. 8, 2. 111, 12. currebat 540, 10. 451, 7 Cynicum 510, 5

52, 5. 520, 18 1111111276,0 Cynthia 217, 4
11111011111111. 500,4 11111111 180, 5. 565, 8 Cynthium 52, 5

’ cupido· 1805 11111111111 (11111105

111ρὶ111111,1.111,1.151,111111111111.111,1.111,11ῃ11111,1
1111011478, 8. 574. 2 455, 15 Cyprit 22⁰, 2⁰
11 1111454, 11. 455, 20. 457,111111114Ἠ.5 Cypron 70,6
2. 487,11. 552, 25 1111114707 Cyprum 40, 2. 211,2
0111111111554, 2 111111111 Ι, 5 Cyri, propr. 708
cupientium 102, l 1111111472, 15 Cyri, 111511, 5
1111115175. 55010 ο11111102,11.427, 4 Cym .210,5
1111111545, 17 11111 54. 2. 55,10. 172, 10.(111111 ’,4
1111115855 250, 1. 508, 8. 56117. 51401111, .76,8
cupii 582, 12. 5585 0. 54111 Gytheum 10
111111 566, 5. 480, 2. 565,15.111111178,5 6115εωὶ851
501, 8 1111111525,10. 555,1. 504,4
1111111111 ungium 411, 14 111111 58, 11. 286, 0. 520, 15
1111111125, 11 eunium 251, 1 D.
11111111585. 10 11111111 4550
cupreum 127 ,7 11111 510, 8. 447, 5. 524, 18. DA 107, 4, 5, 51151511·
uupreuum 565, 5 588, 8 01511178, 5. 570, 1. 523. 13
1111111111 250, 1 cunum 567, 15 dabimus 22515
1111111001ψο 15111· a 1111111110 111 {21:211212112.
1111110115 ’ ’ ’ 11111 1111, 11 111,111.111,’1.11111
111,1111,1011111111101111111147οΑ 0151111445, 7. 511119
400,5 Caruilianum . 015111ΜΑ
1111 11111111 570, 5 111111 586,6 0111177, 4
1111111111. 55, 6. 57, 8. 111. 6. 11111 11111 57212 01111 452, 14
152, 12. 140, 12. 101, 8. 256, 11111217, 5 0111180, 7. 145, 4. 111,ss
11. 412, 0. 500, 12. 508, 11. 111111 25,5 01101111225,14
545, 16. 570, 5. 585,8 1111111111 77,8 011111111115
1111,11111.451,0 111111181,1 0110111111, 17
11111111 104, 7. 571,6 11111111228,21 0111111111 01,7
11111 erut 4517 curvet 4588 01111,ἐ11ψτ448, 5. 4581
cum 256, 2. 25210. 500, 7.111111270,17 01111.» ,8
570, 6. 485,5 11111256,17.288,10.555,8 011111, ,1111111110
Μ111 1871111 m. 1139111 Μ1114111111 111 1 &mindi 1
,. ,. ,. ,11111,. , umam„
12. 548,0 11111101 68, 5. 261, 5. 517,]7.0111111111111414,6. 4554
11111011111470, 2 575, 15 0111111111ρί 417, 7
11111101 470, 12 , 1111011100,8.550,15 0111111 us 417,6
1111111111 48412 1111111115.111,8.111,11.1111111 .6. 2128
581οῙ155111111,11181111,ι. 1501151*
444, 15 custodiet SOE, 15 01111111154, 14
11111111 558, 6 11111011, nom. 55611 0111111111 127 , 5
11111111 254, 5. 4851 11111011, 11111111, 25. 422, 7 0111111407, 5. 521, 12
11111, nomeu, 20, 10. 118, 2. 11111011210,15 0111111 555, 4. 410, 5
152, l. 177, 5. 188, 4. 201, 1111111 55, 5. 156,11. 165,10.011111111172,11.525,4. 5115
4.·168, 15. 558 0. 470, 22. 202, 4. 256, 5. 440, 10. 471, 0111111401, 10
501. 2. 512, 10. 526, 21. 554, 7. 577, 10 damnum 166, 4. m, 1. 1114
7. 568, 15 11114702. 522,7 516, 17

 

