662 INDEX

...mn &miii 366281
4614466166, 16. 319,th
6164644668
64144466, 8. 29616. mi.
. 666, 16 us, 9. 468, tm
,.6441666766644646641646997 4,.4674661,8.674,1
64146464,1.167,1. 668, 16. 4614444661, 16. 676168,
164 4 691, 16. 444 4 46619. 1.,681116
,6 86, 476, 16 661, 16, 18. 666, 6. miserabiles 764
1,.11,16·466 6169688864 6144444112,.4678,9
4614444266. 2. att, 16. 4966. 4614444666, 7. 1764. mm
6411461619, 17 662 4 666, 6 misenatis 611816
militabitur 266, 6 minore 264, 16 miserorum 1867
6618142862 minorem 117, 9. tw. 6. 466, 64144444 22618. ml, 8. ΕΛ
6111444621,6.66,2 14. 442, 1. 4462. tom 4614444682, 612
4611161486, 18 minores 66, 4. 114, 4. 692, 6114441162. 41616
militari 2169 6167 . mimis 676, 16
milito 666. 26616 6166414646. 641,6 misero 186, 26. 666, 6. stim
militet titt, 6 mitioribus 6462 462, 26
mittit· 168, 6. 166, 7. 166, 16. 46166414 674, 2 miseros 161, 16
ml, 1. 462, 11 minorum 67611 4441444646 tm, 16. 6667. GU
46111644 164, 6. 166, 2. 224, 6. Minos 66, 7. 242,16 mineram 441 649, 16
olm 6116164644 4864 nisit 6, 6. m, l. 27614
4414414444 46, 6. 66, 2. 62622 mittum 466, 2. 426, 16 461444 vox 68611
militibus 166, 16. 462, 16 4616444168, 21 mim 669, 6
6111466172,6.81,9.274,7 minuatum-ml 4614416661
4611141746. 27611. 286, 4. 4616416466 614411464116444 6641468211
68, 16. 678, 11. 666, 4. 6166148611. 1668 missilibus 1766
417, 6, 12. 48, 16. 427, 2. minus, 646446. 7, 16. 69, 6, 4644146766. um
464,,6614488,7.486,6 614.,.,.266122782281,4,4614464166,,6.62916
464114 4444642414 6. 291, 11. 68, 19. 666, tmuium-²191, 19
1441144 68 6. 6169, 12 666, 2. 842664614461,1.48,641446468,11.461,16.Π6.2
44461446444444 ,.44144641446441461 mousom
ultimum 4164 4616441116466, 12 4614144261, 1
6116444444, 441, 6 4441644414,691,114 6414414224,14
4411111464 426, 16. 66626 4614441614. 68612 6414644666
611116446444661,16 mirabere 14, l. 6666 mistum 8612. 4666
Milonius 87, 17 mirabile 4144 6669 mite 46.9
4441Ιῦ6 2664 6414461114 488, 11 mitescere 472, 9
Milvius 4662 mirabimur 66616 4611444664212,4
611611461612 46144664 619, 16. 6862 4611114444 46, 1. 8ΐ,9
61144444 162, 1 miraculo 666, 21. 672, 7 mitiget 669, 16
61644661,1.666,8 - 614466466612 4616641866
441441466616 66466416664 4414146161. 466, 12
6116644644491,12.666,2 mirantium 6. 462, 18. 666, mittum 266, mmmm. ⁵⁶2
4616466466 22 16
minoratam 6444444488 6 6416464487, 26
641666462214 4614441216,11.218,6.496,16 4616444476,2
4616461164 67, 4. 68416 miraris 176, 16. 62612, 476, l mitto 14616. 177, 6. 216, m
6164444167, 62161. 2468 4614444 247, 7. 271,7 mr. 16. 4867
46144441 26, 4. 61, 8. 162, 2 mirrti 67914 mitte 4444441 88, 1
64164414 297 , 1 mirator 6642 mittem 77, 4. 87, 16. mom
641644146119, 16 6144144268, 14. 48616. 666, 4162
4614444 149, 9. 244, 16 17 . 628, 6 mitteret 467, 2
minutam 497, 16 46144166, 2. 4169 6164414661, 16
minantis 416, 8 641444 487, 7 mittes 662
minorum 68, 16 miretur 6967 mittis 296, 16
minos 269, 4. 281, 2 44141666, 6 mittit ms 16
4616461122 miror 416, 8. 461, 2. 616, ll. 6464144467, 6
61641442864 649, 2. 684, 18 6111414646616, 16
minu 61, 16. 646, 16 4441444667, 6 Mitylenen 17,6
616441464616 mirum 121, 6. 169, 4. 686, 6644144144666
Mittam 462, 6. 6866 699, 14 646111446616
816444416614. 186, 2. 2664 miror 299, 6. 4666 mobilibus ltt, 4. 66, 8. 6766
minime 661, 8. 422, 16 4441444 264, 16 mobili· 144444 5662
1416144414 644, 16 miscebat 466, 11 mobilium 2, 4
minimo 666, 12 miscebis 616, 16 moderabitur 4816
minimum 646, 6. 681, l miscent 4,6 moderere 68, 8
4616144468,2.166,6.669,2 614446444197,7 4444414444 mm
minister 667 ,to . miscere 446, 6 modestum, 14
4444441414ῐί14 661, 16 miscet 247 , 18. 46611 modim 486, l

 

