888 INDEX

1444414248, 1448818 herilem, 14 boum-8878&
14444444424 7 herile· 441, 14 1441442747
1444414444474,4.881111441ι44484 boepeetnffl,4
1444444144 21 He 148, 8. 888, 4,1,48ι48488.884 1181
4414444444ιαῖ ms. ιιι, eum
14444,444.,.88.,1218118,114π4 414844,1.884,14 7.411,14

1412848128 422,,.1714444Ἠ8 hodieq-enee

444,8,447,11.,4481.’488,144444488,18 hodiernum&

4. 41114 Herodis 448, 14 14481148, 14
144444444447, 11 1444442414. 478,4,477 7 1441111441, 18
14441842848Η24872 kemnad, 14. 4124, 414,4 Μ418,4.411,12
1441184 14444488,7. 484,8 boedmlm
1141341141, v. Alyattei 1144444884 mdes loe. 4. 278,1
14444448 Hesperiam 188,1, 18),8.1144ιιω888,1
14444487. 414,12 288,2 11444442187. mm.
1444888,1,844,12.841,7 Ηοιροιξίι47,4 18.,4881841888
114441141, e. ,4441441 11444444 2⁶1 4 144414184ιῆ ³02⁵
Ιιιηιιίίι484. 8 1448444444, 7 144144424428841424
14444127, 8 1441444144884 481,4. 4188
144278 4 114144444887,1. mn 144144484118. 4442411
144141488 114144441888,4 14,444,17.478,488111
1441448118 flemme, 18 48412
1448284,14.,.82414144,8,1141444444188,8 14414111181222141

148,.7 887,18.441,14 1148444442111,11.818,4 4487. 4228
1444114 4141444884 14484. 14,7, 88 4 αάὓι1441414484,8.412,8.8111
1448 4484,ῑί ,44344144 141414ωῆμί 88,,12144
1448 44448727. 488,1 heumeaeo 7 8428. 4441281144
...m
beatium musaeum 448,1 bouem, 44441181
1444144 4824 14145741 88, 2. 874, 4. m n.
Ησὴιί,4οιι,ιὺ·ἰ,184,8 hibent, ι. 1314444144. 12
flemma 114, ρι44441.48,,7 4141482144441441821481
Hebrum m, 1⁰ 4474411 beaute 188,8. 488
14414444817, 414,14 hio. adverb„ 118. 44,8,12.14444144441,14
11444144888,4 4848444444 1444414448,8.4ἥ,11
11441441888.247,14.874,121141281,12. 484, 11 1444411888, w. 41411
neoter- 17412 hilarem 488, 8 honesti· 414414 442, D
11441444ι41444 hulmum) 8 bonuti· 4414444788
Heeteren 882, 4 hini. 41818 honeste 478, 11
14844488μ4284,4 1144444. 7884747111 boemo· 4444444841
1484444,’.,’42488.488,28 1144411144218,7.,888 14448442484841124
1484414848 1144844111, 12 21. 4241
11414448,4.181,88 flammei 14444182,11.111,1281
Helenen 181. 847,1 1114441] 144174, 18 414, 22. 487, 8
1184442418 flippqutmmi, 21 hominunm, 18
nemon· 448, 11 biremi· 841, 8 144444144 47414
1141144ωό81, 11 1117444ι888,4.844,4.474,181444ω448,,7 ffissffffl
adimentem 1114ω2812η2814 144444418Η414111Ἀ2
Heliodorus 848,1 1144411418 842, 8, 888,1, 17842,
11411484 411, 2 hirsuti· 281, 2 8
ιοιιιιοη ιιι ιι binnam, ιι honore. 4414. ιι 181
helleborum 14 18484481, 18 144,18. 22111818
14414Μ,14.278,.8487,4.1ιὶιιιιι(1144ήιιι4481,1 mamistae

488,.11418,,,,844844 114171, 2248,4.271,8.1444444,1.4.844144141.9
1441448418 11118 848444184141444η4744
herbum 18878 141818 8.448,.,74844 144481442814112872
1441414288, 11. 88, 18. 271, 411444, ’4.44444 888, 8. 844, 14 1444444784

448,.7481,.8484,14 Hispanum 1444η444,7874.12
barbonem 11143444171,18.177,7 14444 117, 7. 871, {Lm
Hercule 448, 8. 448,18. 411,1144184442481 447. 14

11 hispide· 112, 7 bon 24, 8. 18811. 142
114444144118,4 11414414ιὶ74, 14. 844, 18 Μ, 8. 242, 1 14882
114444144884,8 1414444118 8 848118. 48411
Hercule· 148,18. 244,18.14448,11111141ὓ1144-14ω184,18.177,18.1742

888, 8 344444ιὶ44 427, 8 4482
11444414441414418, 1 144434 488, 18 1444444428. 441, 17 41
114444114187, 4. 287,18. 27214443444428,8 478,14,48,1.448,1122

2478,4 1444414141 444, 22 7 48117
bere 4188 144 enne pre huju· 3444414 hom m. 8. 4444 4112
14ηρι41441482,8 ⁴⁵7⁶ 4,7812·
heris ιιοιιι. 474 8 144 4441444828,18,144,14 11444119411841, 8

 

