⁸ VOCABULORUM OMNIUM. 691

1111119,Ιὸ 555792. 1925. 199, 2. 288, 398, 915. 41911. 155, 9.
11115 3399 17 6299. 519, 12. 691, 1
1111552898 - 1155136414 15511395
ulmum 46914 udum 217, 11 1551511111 688, 5
15555512998 1155114491 ..1111111611 ·
1111111591, 16 vectabor 395, 16 vente 422, 9
1111121414. 51912 vecteri, 379, 16 9151111511 1199
nnn 58, 9. 297, 6. 5697 vectes 219, 14 Venafranos 168, 6
venientum 494,4 1151131111 193, 2. 4197 Venafri 465,6
1115596 ve 1111496, 7 Venusto 195. 2
11551271, 12 1111132912 1111511131, 7. 336, 29
115511152913 vehemens 552, 16. 566, 21 venalem 187,6
1155111614, 9 vehemente 597,6 1151111 32911. ⁵⁵1,·.’1
1111513593 vehet ⁵61, 15 veneri 298, 6. 624, 7
1115133911 1111112797 1151133919. 51211
135,1.1.1’.1.,111’11 1331611111... 331111111311.
1111146411 veienti· 558, 22 1155114391· 5999
min 381, 2. 498, 6 ve118, 1, 511. 29, 3. 51, 7. 79, vendentem 495, 19. 551, 9
111111166915 6. 89,1.117,11, 511. 229, 3, vendere 517,9. 651, 12
1151159916. 6692 5. 259, 4. 267, 9. 287, 9. 15555111431,11
1111115913. 47,3. 41916 427, 9511 1155161111621, 2
1111555113 111,’1.1.56115181 1. 264, 9, veu1111161,1⁵. 6395
71115197. 567,1 11. 368, 64699 486,1 vene11161,4
1115111115 111,1.1.11111151,111,1 155165527912
1111151416, 21 1115511696, 2, 3 1151651391, 11
9111551383 3 1111116, 11. 4296 venemur 191.4
1111111192, 19 1511 511178 1 269,2 111551121,8.278,3.279,11.
9371953693. ⁵6⁵,09 379, 12 Velabro& 5 333,11
51511411.154,11...ι..51911 venenet-⁵166
416, 19. 559, 7 15111181, 5 ..1111111514
9111511391, 8 11111553397 1155512792
mum 34911 velet 417, 21 1111151163, 12. 393, 13. 379, 7
14434917. 4893 ve1iae511‚1 veneno 421, 6. 517, 15
7447 439. 19 velim 192, 17. 362, 7. 395, 8. venenorum 275, 19
’49492339 418, 5. 536, 3. 6694 venen1ur115,l
74992391 numisma 1151551587, 2. 375, 1. 3998
11112496. 391, 7. 443, 2 9111111499, 9 115511611151413, 19
11651543,16 1111511677176,12.325,6 115111551625, 17
71144 72. 2 144. 3· 197. 49·11111,115111.569, 14 11111111112516 556,8
492,11 11111,511·5.129.19. 328,15.11551114119
749393, 22 1139193196. 386,8.491,11511111411,16
1111115192. 64919. 55912. 2 486,16. 5395 115111151311, 4. 551, 3
587. 9 velit 339, 6. 356, 4. 421, 4. Venere 3566 588, 19
9111115151, 5 415, 13. 446, 6. 59911. 61⁵, 1111111346. 8. 363, 1. 427, 6
511154 14. 4414. 4441 ιο.’111,1111,ι1.111,1 1.......1111195 1111.
539 9 11111364 9 386 3 3391. 317,3. 553, 29
45544511. 44444442115511111 1111 115, 1. 4....’1111 1151 151, 11
561, 21. 556, 3. 665, 19 593, l 9151513912. 1996. 21912.
16113299 11111η19216.291,18.691,2 239, 12. 249, 16. 251, 61262,
1111112694. 28915. 3997 1511111385, 17 3. 311, ⁵. 417,.7 68916
15111232, 5 11911359 9. 386, 1. 497, 8 1151111482, 13
1141111141, 7. 2693 1111111335, 3. 452, 4. 5875 11511514193
15155, 6.1,194 12,. 195, 3 11111511394,13 115121919. 254, 5. 37913.
291, 3. 2991 1.53 3,.397 3441111553614 5129
4,6. 357, 7. 364, 4 „numm 1151135918. 5796
15111, ρο. 51111115, 61, 1. 172. 1115111257, 2 1111151111584, 15
7· 216. 29· 239. 9 242. 9· 1111151216, 14. 445, 11 1551111545, 6. 5799
279, 16. 279162996111551513953 15511111, nom. 341, 19. 485, 9.
111ζ.,ἷ,.5155111115445,..1ο.41,4.445,1511145),1.115,1.151,11
7· ,4444 11511. 1111 ...15116111 1
141. 44· (1.44490 324. 4· 3391111111 15115111 eme corpere 595, 1551163899. 427, 9
22. 49911 11. 4391 5 1551117, 13. 4199
34. μος144904419444123.9 ..1115115165111,1...11111115,11
445511. 414. 2· 44614 1111155151, 11. ...1...19 5. 1111
483, 9 28913 2996. 391, ⁵. 416, vementes 1511157412
5155133912. 49919. 413, 13. 45916 458,.7 468, 2. 1511114994
44 ,111, 11 ...11111 1. 111, 11 111, ιο
94414 364. 3 velut 5111319, 9, 19 venimus 535, 8
41, 11119.. 561, 18 11151 11 379, 23. 461, 3. 519, venire 339, 4. 457, 18
11, pbr. 19, 3. 29, 1 17 155115155219. 57916
11. 1451 ..115115 1. 111, 1. 111, ιι. ...1, ...111,1. 115, 11

1112

 

