881 INDEX

88888. 8888. 87817. 881, 801, 8. fl, 8. 17881081111111111111111117811
181888 81088. 8880. 88818111118888788
umam 878818 111111 uda-sm
1111188810 11111111111111111187818 1111 1881883881.
1111111 ω, 1. 87818 111111 tulit niumm aoe. 0 110, 11. 188, 1. 818, 81
1111118881 111111 88810. ,18. 8188 8087. Ω, 8. 1081811.
1111117810. 81811 1111111111 111111 888, 10 15. 888, 11. 8781. m
1111111111870, 1 multi 81, 8. 178, 7. 818, 8 11111 pedestri 110, 18
1111111111111111811 8881 811181. ,1188188
111111 11118810 1111111 888. 1781. 1881811111 M
1111 ,8 1088. 8788. 11818. 17811111 1188. ΒΜ
1111111081] 810888881188818 1111111117,1.880,8
1111111801, 18. 11881 18811 11111888. 71,1. 1087. 888, 11111781. 1088. 8888
1111811888 0. 8888. 8888. 8881 1111118081
1111181801,Ιο 11111 1188. 88811. 881, 8. 1111180, 8. 81818. 8881
1111111188 118, 818. 8187 11111111888
111111181810 1111111111881,8 11111887
11111111 18818 1081 1111111111 SM. 1788. 8788 1111111111 w, 10
11111111 117 ,8 1111111818. 807, 0 nutabili: 80), 8
111111 80818. 8881. 887 1 11111111 888. 8188). 80818111111111 1880
ιω... ιω. vau 11.... 1.. 1111 1111. 11111 num· 1111
dign 88811 11111111 101, 18. 117, 10. 188, 11111811 818, 1
111111,ρ11111.880,7 10. 1080. 8788 8788 1111118081
1111111881 11111111 11111 1888 1111111111 17818
1111111 810, 8. 87818 11111111 111111 881, 17 11111111 sem
11111111 801, 18 1111111088 1111111188. 70, 8 781. 11.
111111 880. 8888 81111811 1880 7. 808 2 w, 11. 8788
1111111188 8888. 818, 81 11111188881881 1111111 178, 8. 1888
1111118888. 88811 1111811 8188 11111 18, 8. 81811. flu
11100887. 181, 7. 8081 muudi 88818818. 817,8. 881, 18. 8088. aa U.
nox 8, 0. 188. 01, 1. m, 1. 817, 8 18. 17811
1788. 8188). 881, 18 818, mundior 1888 111111 quant· rendum
8. 887, 8. 1880. 171,8.11111111111811,7 1111118,0.81,8.οἱ,8
881, 11. 888, 18, &o- 1111111811 187 11111111111ς1181118818
11111181111811 nundum 8818 1111111880. πο, 11. m.
1111111Ἠο,17 11111110818. 1888. 8881 ⁶⁰1»ss

1111111111 Hm 1111111188. 888 088. 11811118Ἧ1ϋμ11111111
11ς111817,10 8. 1088 881, 11. lgm. 1111111 ,18

111 ’11118818 11817. 187, 8. 880, 1111111 188
n 188818 munorum& mamanuutnnvhn, 81η
”⁸¹0 m, ⁶2⁹ ¹ ⁵²¹, ⁴· ω, wo w, 81 “¹9 mmls
1111111 1881 7 mutatur in horu 5η, u
1111111 8188 1111111111 W, 18 11111118881. 1888
11111111 8080 11111811 101, 8. Μ, 8. 80,111111111188,10
11111 8081 11, 18. 88812. 878, 8, 8881111111 m, 2 8188111
muliebrem m, 11 11 111111 818, 81
muliebriter 88 10 1111111881,1.811,8 111111 80810
111111188818811.17881111111118188 11111111 8888

187, 0. 818, 8. 888, 18111111 101, 10. dm, 8. w, 7. 1118188818

800, 11. 801, 81. , 18. 8888 1111111 8887

118 18. 180, 0. , 11. 1111111188, 18 11111087

0081 11111111101,8 1111118881
1111111111ωοορ 1111181111 8888 1111111810
1111188818 1111111 81810 1111110818
1111111 1088 1111111 8188 1111111178, 18
1111187818 1111111 888, 10 1111118888
1111111881 · 111111181811 . 1111111 1888
11111, uby. 188. 081. 8081. 111111 01, 8. 878, 8. 878, 0. nutu 8185

881, 0. 887, 8. 88818. m, 8180. 8888 num 188, 10

10. 880, 8. 88810. 188811111111111088 111111180810

8181. 8888 “ 1111111888 11111111 187
1 multudinem, 8 1111111 8881 Mygdonia 1ηο
11111111111881,8 1111111 1088 Mygdoniis 1088
111111 1111 8087 11111111 181, 8 myrrham loe, 18
111111 111 lud· 88818. 101, 111111 1888 11111111 788

11. 8880 11111110, 8. 18818 mm 8188
111111 11111811, 18 1111111188, 11. 187, 7. 80811 myrto 181. θ), 8. Q& m
111111 prm 88818. 8181 1111111111 801, 18 1. 18810. 881, 8
minumum 111111 187 1111111111 88
11111, 88, 8. 188, 8. 1111111088. 80],18 m 88, 8. 1888

loe, . 108, 1, 8. 810, 8. 111111 88818. 17818 1111111 808, 8

880, 0. 878, 18. 88, 181111118818. 8787 8111111118, 8

 

