VOCABULORUM OMNIUM. 686

suiuus 111, 11 1111111161 1616 1111118111, 16. 611, 11
1116116111 11111111116. 1111161118 111111111111,1
611111, uude 11111 superet, 11.1111116111110,9 surgente 111, 6. 161, 11
6111111111 1611 11111111111111116816 111111111116
sum 111, 1. m, 16. 110, 1.111111111186,7. 1111 1111111111, 18
181,11. 101, 1. 1116. 169, superbe 618. 1116 1111111119. 1011
16. 61110. 661, 11. 11111811161,6 11111111116
11111161), 11 1111161111, 10. 6118 ..1111111111111118111
eume 116, 1. 111, 8. 111, 11. superbius 119, 11 surpite 111 , 8
11111. 11111. 691, 16 111161111180,1. 1118 surpuerst 1611
111161168111 superbis 180, 6. 61118 Surrentinum, 11
sumere 61, 9. 611, 1. 168, 9. 1111161816. 181616111 6111111111611,1
6765, 11 11611111. 1111. 80, 1. surrexe 1819
sumere 11111 6116 ,11 1116111111,1.616,16
amenego} 11 11 111111 118, 1. 110, 1. 110, 1111111111012119786, 10. 66116
sumes . 6 11111 ,
1111111611, 18. 666, 11 11 1111111111. 19118. 101,11111111116,6
11111 181, 11 . 16111 suscitet 11119
1111111161, 11. 1811 supercilium 61111 ⁸⁰¹1>ch 45. ⁴· 5619
1111116816 superessem? 11111161199,10. 61111
summe, 11611111. 11, 10. 161. superessent 1616 111111111161, 11
..iiffiiu u, 1. 111, 1. 1913611161 nese :ssjgggffffffifl
111, 1. 116, 0. 110, l superjento 11 suspendisse 16, 6
sumnus 1111 119,1 1111111116 11, 1. 11 1 suspendit 610, 16
summu 111, 11. 11111 superne 11111. 169, 8. 6611 11111111116,11. 1611
summum 11111. 119, 6. 6816 111111116111 111111111111, 1. 111, 10
1111111661, 19 11 retes 816. 11111. 110, 1111111111 1010
1111111101, 19 0 ⁸ 11111111 1816
1111111118, 9. 1911 superstite 1611 1111111111111,1
111111111116, 10 superstites 1811 11116111511
immisisses, 10 superstiti 118, 11, 16 1111111111ῑῦ3
1111111111, 6. 68118 superstitione 118,9 11111111156461. 5611
summus 116, 10 superantium 11111111 111, 8
sunnam· 1111 ..1111111111 anaunensium
1111111111 18118 superssenus 116. 10 *11111161 1614
summovere 1111 1111111111111 681, 16 1611561764· 146. 6· 646114
summovet 118, 1. 111, 10 11111111111181, 11 susum 111
1111111611. 161, 1. 6118111111111116616 1616601 4611
1111111116 11111118 supinss 101, l 11101641. 19· 118, 1, 6. 1116
summus ⁰3⁰ 181, 11 11ρί1111611 11111666. 16
sumpts 86 ,1. 68119 11 11111169, 11. 166, 1. 1616116616
sumptus 618,1 6 . 8111111111, 1ι
sumptu 119, 6 supinus 1111111169, 0 619011. ⁰¹⁴⁶ ⁸¹⁴⁸st
sumptum 161, 6. 111, 1. 660,8 1111111111 1016 ⁸ 6161576. 12
sumptuoes 1916 suppetit 691, 11 1641565. 16
sumplus 111, 8. 111, 9 supplex 168, 6. 101, 9. 666, 1 11111 61, 9. 191, 8. 1111116,
snmus 111, 11. 161, 11. 181, 6. 1111111111 181, 11 lp· 691116
118, 11 supplices 110, 1 11666. (9011156. 7· 696. 9
...11,1. 11, 1. 11,1.111,1...1.1.11.11..111,1 ⁸51¹oe 11. ⁸· ³⁰. 6 ⁸⁷. 2 ω.
111, 1. 111, n. 1111. 111,..1.,.1.1.111,11 1. 1111111111. 111, le.
16. 1618. 11110. 111611111161111011 567.9 ·
1641118111, 1. 111, 1. 111, :iiiii-‘1⁰ 116018 ‘yli'vffiylssi‚¹1¹i⁸⁰⁰'⁵
11. 111, 6. 669, 11 supponere 611, 8 3111111616. 17
11111111). :uiuum 111161...
1111110 5ω,9 16111113816. ῙωᾸθ. 998,ω 6166.. 18616· 4841 l· 6681ο
11161111 1111111811111100,1 1111116011559. 16
11111111611 111111 16116116 ’1116911566 1²
1111 119, 11 supreme 16, 16 1111011161 4911
11111111 11111816 supreme 11111, 6611 1116· 56. 6· 666. 2· 61114.
1111111111 11111.116,1. 186, supremi 16,8 189, 6. 118, 11. 161, 11.
1. 161, 11 1111111616. 10119. 1811 16616· 66616· 5165
uper, 1. 11111 usm 661, 11 supremo 81116111 1111160ῦί· 565. 1⁴

u 11111161. ,6.19,1.16,1 1111111116,1.118,11.181,1 munitissimum

6. 118, 1. 1111. 118, 6. 0 111111

m, 1. 1911. 66111 11111616 6111161111
utinum. 16111.. iiiiii?
1111111116,11.101,11.110,1 11111111 1011 syna 61, 6. 101, 1. 116, 1.
..1111111111 1111116118 · 28726

 

