VOCABULORUM OMNIUM. 671

27810. 2787 181,11,μ111111141,1.111,1, 17841151115115111181. 51814
llo. 285. 12. 204, 18 purpureus 190, l. 5881
5811181811151818 185, 1 1151111111 255, 7. 41811. 528, purum 78, 4. m, l
158111.181151287,7.888,18. 15 paruarum·

88811. 4485. 4881. 4888 pulchrius 518, 18 115158188181854, 1

lueri 280, 10. 871, 1. 482, 2.11111111515477,2. 4788 11518781

5488 15111885. 2088 pumuntur upum
15111, ,48 8. 52, 5. 187, pullum 87815 punillam, ' pupillum
14. 1810. 22815. 240, 5. 1151111285. l· 488, 15 pusilli 851, 1

828, 11. 818, 8. 858, 10.111111411,12 1511018582

872,17. 421, 5. 478, 18. 1151111558, 18 1111114480

5488. 588, 8. 50810 1158511818,8.845,Ι8 1151111581

15811, i. e. uerri 408, 17. 487, 1151118111 405, 2. 52815 1511111181

0. 525, 18 1151118111111408,7 putarer 4088
158181514282 111111111811. 54810. 578,11511181547,7

1511111188 17. 1482. 2482. 185884 1111111888, 18. 84818. 408, 5. -

' 2581. 2884. 825, 5. 858, 11111880, 11 4888. 47810. 48810. 505,
18. 8787. 428, 5. 487,4.1)51115(1185,1 8. 5285

471, 18. 478, 17. 482, 7. 1151111188. 8284 11511118 4488

138554814. 5487. 558115118ῗῂἷῆ 11551Ξὲζ lgm. 42814. 545, 3.

511 , ,

>uero 17818. 250, 8. 85810. 14151111 888, 11 1151111422, 17. 488, 2

8888. 888, 10. 420, 10.115115189,15 151115152810

5484. 574, 11, 14 115115188812 1151111451,5.528,7
11811155812, 8. 85811. 484, pulvere 1812. 80, 8. 8810. putem 55818. 5788

5. 478, 18 02, 4. 280, 8. 420, 8. 478 5. 1151811512, 8
158151 81, 4. 157, 15. 288,11511818111,8.154,12 115181852810

8. 2880. 808, 5. 810,2.1)1118181804,1 1151818884. 8527. 4888
852, 8. 525, 5. 582, 4. 574, pulveris 284. 85,1. 4882 455, 28. 515, 8. 547, 10.
22 pulvillos 284, 8 518, l
151115851111 55811 pulvinar 882 15181111818191,408,1
1111111811 804,5 115111124811. 85815. 5188 1111851181),4
11811182885 1111111811111111151151242,11 1518111587
puertia 888 pumice 5884 puteum 55812. 5882
puerum 28, 4. 75, 5. 158,8.11511181115128,4 1155814588

2481. 8784. 482, 8. 445, puncto 555, 17. 5582 putidum 2888
8. 52818. 55812. 588, pullutum 5888 115115111418,5
18 11181 bellu 544, 10 putre 581, 24
11111415,Ιὶ Puniueoe 240, 10 putrer 84, 8. 28814
„pm ¹· 1 ⁷· ⁶⁶⁸· ... m
11111111, 11) 11111181 ’ pluuium
11111501,8.525,5 1111111115428,4 pp 88815
»1111511184οΛ 111111111471, 12 y 1511421, 14
51111811584 ρ51)1111542,5 Pylium 888
1 88811. 14811. 108,ῑ)1111181288,7 1111128811

‚zm 5111114784 pyramidum 2285
1111111 882, 8. 888, l puppibus 87, 4 pyrgum. 1151 phimum
111511018281. 8888 115151127818 1114882
1111118 52, 2 11511 102, 17 11111114, 5
»111181118888 1287 1151111088. 8082. 55812 Pyrrhum
151111 158, 8. 870, 7. 4780 11518887, 18. 472, 7. 527,1 Pyrrhe 188. 12
1111111 108, 7, 5188 1151115181 485, 5 8151111507, 14
»agnovit 247, 11 1151111151470, 7 Ρ1115111172, 1
1511111 22812. 478, 8 1151111115 4188 Pythagora 288, 2. 458, 4
1111111481, 4 1151151811151151581, 17 Ρ1151111111485,2
1111111, 5. 8882. 8182 pun 8484 Ρ111111181587,1
1111511,11511551845,5 1111111185,1.111,14.111,11 Ρ111111588, 10
11 ,15181885 1151112887. 858817. 441,2Ρ1111111577,18
1151111248, 11. 284, 1. 888,111115148,8 Ρ111115141,8

11. 47815. 58815. 551, puro 182, 8. 180, 8. 1088.

14 2285. 87821. 48818. 555,
1511111πί1551885, 5 21 Q.
15111111 40,5. 8810. 180, 8115111511 1887

887, 7. 487, 15. 558, 10.115111511255,12. 22812.215,0114,55111.7,8 5881582,
500, 15. 518, 21. 5882. 4 8. 17811. 250, 0. 254, 8.
lm purpurarum 14814 267, 18
15115111 887, 2 1151115111 188. 8 qur 1111118 448, 8, 528, 17
15111118 885, 15 11511151814588 (15811181. 11811. 842, ll
15111118, boue, reule 5885 purpurei 80. 10 qun 07, 0. 1588, 8. 177, 11.
151551815811111111488, 10 1151111811228, 10 , 1880. w, 4,5. 220, 2. 250,
1518511828, 8. 525, 18 purpurea 102, 10. 154, 8. 4882 15. 288, 8. 885, 2, 181. 4485

 

