VOCABULORUM OMNIUM. 666

gentum 462, 2. 660, 11 41111111 16, 7. 666, 2. 660, 0. 411111446, 10
41111122, 6. 666, 10 66616 guttur 270, 16
fatiem 1661 grndinem, l gutturi 606, 14
1111111622 ganuinium 11116760
14111112, 6 41111111 11111 406, 6 5⁸⁸ 166, 6. 162, 17
,1111126616 6667 4111664161 (1]411 1766
1116147614. 64611. 67611 4111111426 16 (1141110616
11112066. 231, 10 41111111447, 20 gyro 4667
1111111 lm, 12 41111 1111160616
6111111461 41111166. 66, 16. 46, 7. 72,
11111165611 6. 760. 77,6. 16610. 227, 11.
1111111166, 16 12. 246, 6. 261, 14. 600, 8.
‚ignauo 147, 6 4116116166. 616, 7. 677,1 11111111 442, 2. 660, 12
14111111466 4111112167. 26612 61611116466
1111111 11111 1111111111... ,
1111111662 41166661 6467
1111111461 411111 107, 11. 241, 16. 671, 61611111646, 16
1111111 1111111111 4661 16. 466, 7. 4667. 400, 6. 6161611640, 6. 6461. 6764
:hade ,7 624, 6 667, 16. 667, 16 616161121611
’1116116466 4111111 16, 1. 71, 4. 212, 1. habebitur 164, 1. 426 11
1111116766 2666 111616146611
11611172, 6. 61610 411111126610. 4161. 6160 61616111666, 12. 666, n
,11611 60612 41111111111661, 2 61611111 ms
1111111607, 14 4111611111 667, 17 6161116166
bri· 47, 6. 210, 0. 6666411111 14, 6. 16617. 66616616111 662,6

42616. 644, 6, 446, l 660, ll habendi 1111114Μ, 16
1111111112066 4111111 70, 6. 164, 6. 264, 10. 6161111067
11 cem 46, 6. 71, 1. 76, 4. 4466 habentem 666, 16

&³21⁰ gntus 24, 11. 27, 1. 12, 2. 11611111 1164
Hymni. 411, 24 1761. 411, 10. 6460 6161111 607, 2
11116464 2111116664 6161166617. 166
1111116617, 11 41111111 2661 6161114662. 6464. 660, 12
1111111471, 14 41111 6, 1. 206, 6. 261, 17.6161111664,11
mun 526, lo 267, 6. 462, 6. 644, 6. 667, 6161111 621, 6. 6460
1111114666 12 760071 33119· 60166· 416. 6.
111461. cnidi 4111111 16, 6. 466. 102, 4. 4116161616 6266. 6067
1111111666 626, 6. 466, 10. 6660 1111111, 7. 266, 17. , 7.
{omnim ”⁸9⁴⁸ ,ὁδώ 8617067451 1³. Β· ⁸⁹92· ωμιι 3411, 1⁰0 w, ῃ. m, ι,
11111611 6667 166, 7. 246, 0. 247, 14. Μ, 4666. 6166
mili· 166 6. 6660 6661126616. m, 16. 61611.
mm 1111 eme· Principum amiciti-1⁹⁰, 6141116611. 1111.
ndu 19461 m) η l §sarz 54545
ndu„ 1611, 1111 gmi 14, 2. 42, 4. 1466. 260, 1161161966
11111 61), 4. 1464. 17614. 16. 2764. 2662. 674,10.61611161111216,16
481, 1 660, 20 1116111161 206, 7
moui 462, 11 41111611164,6. 66614 61611111 6702
:mein 66, 6. 26616. 477, 6. 4111161666. 4666 6161111111 6067
440, 11. 4444 4111111676, 16 616111466, 20. 4666
*min 201, ιι, 141),8.444,9.41111111116,0 61611111 4468. m, 10
661, 17 4111112666. 264. 4. 201,2.6161111421,12
m„ 411, 4. 568. 21 1264. 168, 6. 441,7. 6666616111121610. 641,1
{mmm 1162. 1964. 616, 600, 20. 622, 6. 660, 12 61111611. 16610. 164, 4, 6,
4 41111116 602, 6, 667, 6. 6762 adiu
111161 6062 411111166611. 6661 6111111 ,16
1111111677, 0. 41616 ,gre 1 66, 6. 166, 1. 216, 16. 611 1141167, 6. 64416
ni. 488, lo 210, 0. 647, 4. 464, 16 luo 111111 621, 10. 400, 16
nia 1142 1111116066 611.οό917.411,14,11..164,
11111 100, 6. 664, 11. 666, 6. 4161141617, 11. 147, 6. 61766 161611
584, 6411. 411416612 61111111 660, 6. 66612
niumm 2466 411411 166, 10. 40611 he 6066
1161112611. 2460 16067. 4160. 462, 14 hec 100, 7. 244, 6, d 11161
mnino 11, 6. 17⁵, 1. 1111. 1111111117 1164111111. 16611 116611
267, 16. 11611 Grospho 6666 11161 pluries
111111116616 Grosphus 6064 611111112ω,14.464,2
„maim 5³⁰. 10 4111111 266, 11 611 161 diota 464, 22 ⁴
1111111611 6666 4111146610 1111111664
uui. 444, 17 4111406, 6. 401, 4 flamonia, 1161161111
1111116 01, 2· 164, 6. 100, 4. 4111461, 16 6111111676, 10
ΝΜ. 4166 411411066 61114116666
maden 410, 2. 6668 4111111111 4662 611111167οή. 41614. 4167

1111411 m, 4. 66616. 4261 4116111 447, 0 harodi 266,

 

