&8 INDEX

0148848 098, 1 01844408 0981. 000, 19 0884414084 0448444144
014884μ4401ι4481η4014881901018444489014 04444110,οΜ159,1.991,1.
01488111, 8. 905,11. 9118μ1101844118048184911, 9. 919, 044,1
494,.,.100090099,11. 041, 1.,.9889 440, 14090, 1410888510140590
14 000, 9. 004, 14. 509, 0 0884448 909,12
0814144911,1 0044810990 0488441899 941,19. nn
4814814441 401,9 0184448990,Ιο 44014 08880801990,1
01481014 0111, 19 0044484119, 11 0848441448 m, 15
01481414) mo 018441991, 0. 591, 9 084844 9802
placidus 9101 018444848 094, 1 poenitat 990, 19. 911, 11
01481188 105,1. 400, 9 0044ιί1 119. 9 uitet 911, 90. 999,
008884810915. 908,0 01848444 900, 4 (8448 99,1. 119,1
0088191090 018484 4990 9488488994, 9
00881448 010, 4. 591, 0. 099, ,0104812100 110 Ρ44884180, 11
0111141190, 1. 940, 1. 040,1.10;151181114449,8
040, 1. 090,0 184444 901,9. 994,Ιο
014 ,.1.4 4804, 44. 988008494911. 4041
,0 0188814419
0000104144818404, 000, 10 0148448 910,11
00104,,04144404881,100,9. 094, 0084448914. 0049
0184414844 4184184 449, 19
0408488099, 11 0188148881, 9. 000, 14
14888199 014444 89, 0. 191,19. 199,1,
4444444404 ιιψιιιιιιιόώιιιιιιιροῖιιηιιιιμιο4444444 1
0148894410 91014 99190019) 0
0040494119 041μο008,9,9.081,0,9 .088144901,11.959,4.98,9
platanum 084111.0911,10 0919. 098 999000
014888091, 14 0144484 98, 9. 14, 0 901, 8. 081, 11
0141488111, 11 101, 11. 919,9 ,8,9. 499, 44848811ιο911, 14 ,
0004841981 0. 145, 9. 11919. 0990088144 4191 0049. me
14488004. 19 040119 585, 19. ww
8¹⁸⁰di¹⁶⁴⁰8 01441184 99411. 99119. 091, 0811815189
plaudite 019,1 0811188095, 10
0144418991,19 01841848 991, 19 pollinem 911, 1
0044484 001,1 0044844180 0811014940,11
0040400190 01804999,9.901,19.89.0.081118148440,.1 vum
014440491οῊ191910 989,,9.4991 4991
014444414004, 10. 090,1 0144900, 4. mn. m.18.1’0n7091‚5.n1,4.u‚4
04444401,.9494,9,491,8 990,Ιο saw. 900,14. 81484991,4
144ιο8444119, 19 49819. 090,14. 091, 0. 040, 81144109, 14. 921, &ms
9044480491, 99 0089, 11 081,8900 19
9148444091, 7. 545,8 014048048949,,.,19.419902 ,0818805,4,99)4
018148 101, 9 81 h ymnin4. 9
0008880040, 10 0041440110, 9 081 00444991, 9. 9191
0084444940 0144 818041, 0. 10, 9. 5010 08844810. 4499
01801904. 878,ss 01840448 990110. alm. 599, 0884444194
0481414 401, 8. 494, 9. 090, 1 10 . 0884404491, 9
· 0181441810 419,19 01444 4488 44801484 901, 4 Ι0880184942, 6
0188444484οΒ,1 01884190 08841848 999,9
0188184401, 10 Ρ144844441919 08814911, 9. 4³0, 19. 1η19
0144814801, 10, 94, 4. 199, 9. 0144411101, 9 410,1. 5145
991,10 014404 4444418449, 8 1080811000
08188144411, 19 01444484 4484401104 Ρ884Ρ108480484008οωῤ
1800448911,19 0884149, 11. 44, 19. 09, 9 9881110414 91 19
0188411019.954,.1 040, 18. 118, 4. 191, 7. 994, 9. 900, 9880111444 Ι14,081
00910. 091,19 9. 998, 14. 919, 9. 459, 111Ρ880881444,
0184444110 11 4010091119 0844449400
01848 009 poculis 854. 0 0884844490, 9
0188184991, 4. 008,9 0888148 910, 18. 919 9 pondere 9140. 050, 19. 5191.
0184414950, 19 podagri 989, 18 589, 10
plenissima 909, 4 0841404484 480, 9 ponderibus 944, 99
0081444199, 8. 411, 9 0808498919 pondus 1⁰8 9. 990, 5. m.
01881448088551, 90 088444495910. 90919091, 09019
pmmamfimuamswuffiwmmssmmgmt
4949511915 585,11 51518
018444880088488008, 10 081· 4444414981, 7. 494, 1. 094, 7. 0888048410, 4
0144444444 -11, 0. 90,.4 911109 5911951010 5499 059, 0884848590, 1
0188884180 1148589, 5 81. 554, 051198 519, 5. 089, ponendum 411, 0
0184484950,οΜ,9 501,10 1 5811410919. 08819 08888144159,5

 

