VOCABULORUM OMNIUM. 969

1600119997 obstetrix 8994 01010 999. 44914. 471, 18.
1601144916 0111101111 1891 6198

1011111797 obstipo 447, 19 010101 84, 7. 199, 8. 889 1.
111111684, 19 obstitit 16918 444, 19. 6998. 646, 19
1110 999, 18 obstrepenti· 189, 8 0001001 479,11

101061919 obstrepit 999, 4. 9699 00101919. 1891. 14918
beandus 8791 0111100001 9698 01]01110101899

11101497 0111110111 9,6 ocyus 98, 16. 118, 9. 889 7.
11111111 8999 obstringam 49919 46919. 4998. 69917
111110 117, 1 01111101 497, 19 06111169, 16. 861,17
1119199 31111119 9911111941... ..1,
111111117919 01101601498 919

011111186916 obtulit 199 6. 879, 11 061 87, 7. 1491. 1194. 6798
1110101879, 96. 87916 01101110 6696 01110101 9991

0111897 01110188919. 46919 0610 876, 6. 48919. 6997. ·

1111114696 06101111 4698 619, 9. 681, 11
111111168917 occasionem 9996 0610 1116696
11101111 111, 8 0001166916 061110 496, 4
11111110 1118, 6 00016106 691, 16 06119816, 7. 681, 6
11101101 8999 000161061964, 11 odit 89916. 474. 9. 498, 8.
191111188914 01016111494,16. 617,8 69914. 698, 8, 9. 681, 14.
6η ὁ11191117 110 a 0016111Ἆο4 ¹⁶ 16401701 1
0 , . , 0001 1 1001 ,
1111111111011111 ..11110011 0111101, 1. 1110
11111 491,9 occidistis 667, 16 06011111981, 9
1111001 449, 1 0001611, 0111111.61101,68,8. 96, 0601111 117, 18
1111011994. 88919. 6999 6. 177, 4. 98917, 611 06011111 199, 11
111101,ὤο1111001,647, 19 0001611, 0111111. 101191, 491, 8. 0601110111 468, 91
111111 ,8 496, 18. 691, 18 060111998
1100111110 000111 491,9 0601110 199, 8. 491,9. 481 ,9 ’
1111100110 9999 0000111106196 0601116619
11110011 94919 000οΙ1111 1996 &ovibu 1414· 394. l
11111010 198,9 0000110 89 1. 4798 060101991, 1
11111010601698,9 000011οω918,11.491,7 1100 101010 87917
1111101101 99914 000ορ1899 0101114199
1001114694 00000111101997,7 011110 497 ,8
occuparem 19 0119004198
005211122351332235 12⁹¹ 0. 110, οἇξιπιὲἰω1051ὠ1ὖ
11111011 9894 0000011110 1799 06101111 498, 6. 681, 19
0101111190 00000110 9994 091061184917
1101000 8794 occupavi 1891 09106111468,4
11000001 8898 0000111111 89, 17. 961, 19 09006011148115
11001179, 9. 446, 8 0010011 9114, 19 offendet 491, 6. 497, 16. 447,
1100111111 468, 91 occupet 916, 6. 489, 1. 6896 17
»1001116799 0000011 extremum 1011111686, offendunt 686. 19
1100111166916 18 0900600111678,9
1001111111 001100 8894 060011199916
110010 19, 6. 6199 001011101979,16.867,6.886,18 0610114997
>neutum 198, 8. 696, 1900001114794 01110101 89999. 4998
53414 00001111886, 16 0911· 481, l
111010169919 0000111101 891, 4 09011418. 17
1111111489, 6 901100 11, 6. 89, 8. 9894 04101901 34919
0101049919 00110019699. w, 18 0611111466, 11. 4991. 669, 9.
fflfflffst 11101113611111ω Ἶίο 1611110111
19 00111110 4116, 1 01601011 18, 8
1111161 8996 00111101 8991 061010 4696
11111110 98914 001110 469, 1 , 01601011 499, 8
119 449. 8 octavum 191,7 0111110101 4497
1111147, 8 00111014899 1161011866, 18. 8894
1101111 898, 94 1 0010 499, 19 06101010 694, 9. 661, 4. 676, 8.
1101111 1196 0010 millibus 000101011οι 661, 689910
1101111111. 401, 0. 461. 11 16 officium 11010 4198
11110101 168, 9. 199, 9. 949, octoginta 1000111101499,18 01086911. 447, 98
4- ma 001οο118798 010101 418, 9 6897
11110111 487, 8. 6998 00011 4897 0111141197
111111416, W) 000Ιί1 11,1. 796. ww. 887, 0111 49911
»1111110111 1, 111, 1. 111, 1. 110, 1. 0111110111
1111189919. 887, 14. 4691 481, 19. 488. 9. 6911, 4. 696, 01101111 987 , 14
11111 m, 4. 66919 6. 674, 18, 91. 6898 0110118897 y

009

 

