s

VOCABULORUM OMNIUM. 677

11.

17777177, 11

7747 174, 17

7747771714

7771771741. 7147747717
77717, m. 11777147. 7
17177117147Ἥ717Ᾰ

77477477477,7 77717777 77714
mmm ¹12¹ BQ som wm- ⁴²¹7& m, ιι
77477774 77 77711. 7777
77474 4771 771771777777714711. 177,
7747 791, 7. 771, 7. 44717 17
7747777717 77 777 471, 7. m?
7741 477. 7. 477 11 77 qnid 171, 17. 444, 14. 477
77477777 411, 7. 477711

444, 7 77 717 47. 7. 14711. 4171.
77417, .77, 1. oe, 7 ..4 77, 17

177177, 477477, 477, 7. 7177777777 7747777777774,7.471,17

1777177
nm 17774
17177777 717,

77471777117777,7.471,7 77.1747π71.74’77714.17,17.
11111111.. ..,. 711111.

..7 117447 171, 7 7777717711

,7747 1777717477, 7 1477177117 7417777771
11111111 111 11111111..
771, 17.’ 777, 17 777717717711
717,4.1 4711617117 5171314111
17. 117 7. 14717. 147, 7. 777717717111, 11
177.. ’17777171,1.4’47,7771,11,17.’4,7 17.,714
1711. 1711111, 1111111111

7777 1171777714. m. 17.’,777,..777ω17.77417 7ιο.’

17..194’1
77774779

774777 717777 u 7777 17714 77777 777, 14) 17717. 77717.
774777174777 77, 11 471, 17. 7179

771177777711. 1477. 777,77477777711771774’7,1 77777747717

771719711. 144, 7
urim 1771
77774771
mmm.7
muntem 411,7
7777777477

7747777777477774 7777777777417,1
774777 777. 77714. 477. 7. 7777714777, 11
74777771 7777777771, 11
77477774474. 77717.777,77777714417,7’
7747777477Ἰ 7777714777
7747717 777, 7 777747 77,’ 7
7747777141. 7477 777. 7. 7777774777
777 7 7777. w. 7. 7. 7777717714
777, 7. 411,7.’47), 17144, 7777777774147.7.447,7.477
7. 47714. ’71711 7. 77717
1777777717 777777771117. 7717. 147,
7777777777 741, 11 177777
77777117.’11.477,.7 74717 mium}

4777477717,17.777,17.477,77771771777417 1777477174, 1

7777771177

77774 774 71
1777717717
7777747 ’nom
mun w, 1
7777477417, 7
mmm.w
7777477 777 7
7771141, 1
777147714717
77777477 144. 11
177177447, 717
177177 447. 17
1717777477, 7
*aidini 477, ’7
1771717777 477, 77
7777774. 47711. 7774
uun 4774
7777441717
77747 117, 7

7771777171. 77,.11 777,1.7774771717,,17.17711
774,.7 7777 7777477714
77771744777. 71711 77747 71, 7, 7
7777177 4771 nectendis 7777
77717777, 71777 ucetiam
7777171711.17,’1.77,1.177,7774147771
1.171’,.14 77717. 777..,777777777717
741, 11’ 77177777 7771
77714777μμ41777177ή 7717711μ777,,.,.7.4717714
777147717μ11777,7 77,.’,41717’.,177’17.77’7,7
7771417777,11.774’,7 17.777,’7.777’7.777.’4.
7771771977. 7771. 774, 4. 77711. 797471
m msu’vidonmss
77777777777 7717741777
77777744777 7717747111, 1
777471, 7. 77, 7. 77777 771777411717
7774717717. 777, 7. 777177717114477Ὶὲῦ17ὅ
77171417 ,
771777747717. m. 17
, 77, 771771777717

...7717777777 7.,’7771.’“ neg-mmmmm·

17717. 777. 7

747 477, 1
7471777717

7171777 77 4. 17711
7717744714. 771, 1
74717 771 ’7
7471711744

ι.44ω477’1..4777

,771771777
4174, 17171, 171777.
..11 ’.47714 44717717.
26⁰:499::lfi 71714

 

