VOCABULORUM OMNIUM. 689

00510050555514 0155101850
5151881, 18. 188,10. 400,Ιο 11551511 108, 10
5115155 8058 015150155819
11501151115181,1 111555151858,11.878,11
111118, 5. 884,Ιο 0155511888, 11
ruber 187 , 8 05151511· 880, 18
1151551 158,9 tremendis 857,8
1151151541, 15 tremendo 11,8
1151111 87 , 1. 518,18. 588, 14 trementes 818, 18. 8880
1111111400,11.450,8 111155511801,8.875,8
115111 m 0111111459,1
115111151818. 578,8 05151150,11
11511111 181, 10. 871,5. 411,0 0511151515, 0
1151151 5488 tremulo 8554
1150158480 115111115ῑῇ58
ᾞ51Ἒῗ5111887ήο. 518, 18 trepidare 98, 1. 155, 10
m
11115 117, 8 trepiduit 101,7
1111111809, imm 189,1 0111151117 8
1111144515 trepidet 1115
1111181510 05111111111551155,15
1111111100, 4 trepidum 5811
1111551585, 88 01110710. 551, 8
11411574, 10 011 858, 18. affl, 18
nclitum 850, 10 tribuissem
1111115111 580 17
111151 488, 0
1111515 578, 17
51151888, 8
1111511858 0 508, 17
111155570, 18. 577, 10
11115551 515, 8
11115515ω, 5
1115111577, 11
1111111590, 7
111511154010
Ἧὶ111515570
1111115,18.458,15
5115151545. 810, 1
11111511 105 8
1115101400, 8
1111111187,11
1111511151 8044 111151 g1828
111151887,17 111515111157818579,1
111118851488511. 8087 0115514898
448, 18. 150 7 1111151841, 8
1111151540,15 0111151105 487,18
1111551 18 7 188 8 805, 7. 0115111848 5
509,11 Triquetra 458,10
1115515415 11) triremi 11911
1111511415 11
1151151111 898 17
mnium, 1

tribuit 88, 8

tributis 508, 1
01115511 510, 18
0111555 874 7. 870, 5
tribunum 808, 8

7. 581,15
tribur 58010
tributim 100, 9
0151511, vide trecenis
1115511515 880, 5
01551 588, 0
triformi 88, 18
triformi· 808, 7
trilibrem 405,1
1111151 51 ’148 8. 188,14

triremis 170, 8
591, 11

01515 M

0155151151 ae8, 18

0155118101 150, 8

triumphe 888,18,14. 880,8,10

triumpho 88, 18. 87,0. 01,7.
99, 9. 117,5

015151151817. 80, 8

ΞΞῗΞῑΞῖΞἎω

trochi 5801

trocho 8080

’115111550

Trojano

'l'roJ‘ae 88, 8. 8119. 157,7,8.
888, 7. 448, 14. 478, 8.

trepidat 111 1 515,.11 55511 1151

mmffl,8ffl‚8
’1151151 (10.8

’11511111 170, 18
Troianum 5111515 578, 10
’115155 10,18

Troilon 118,11
0515131114,1
1111551115,1.551.8
truci 10, 0. 800, 5
meida 500, 8
trucidet 571, Ἠ
truculentior 818,18
1151111808, 7. 480, 8

tribuna 1151 107, 0 85515. 05111151· 188 10
8757. 410, 8. 456,.5 518, 05111481, 10

truncis 141, 8. 108 8
1155551180,8.877,7
0511511814, 105850
118,1.10,7 84,,4 11111151

tows. &18. 571,1
8⁰88 1118110 1 ⁶2...

4 8008. 805, 18 8881, 15.
515,,’.14911542155511
15589,7.10,1.108,.81
1.187,4. 188,.7 884,
8858. 849,17. 851,1
8050
1511585510
1051555857
151110,9.88,0.01,11.850,18
151515 8, 15. 575,17

tuba 870, 1

54,
0.
8.

111111181,11. 881,1.888,8.1551111151814 17

1555151 11, 4

11111887. 880,.18 888,10.111111111410,1.488,9.58091551180818

490,.8508,9 581110

1151 15115 504, 4
11115511515 409 8
15111171, 8

11511511 108, 8
1511111140, 5
11101551 11. 7
1111111481, 0

mit 51115 581, 5
8110151890, 4
5155511850
muniunto 0051
15111115 590, 1
fumat-12⁵⁵, 8. 888 7
mmm,t
1111157613

'tobati 800, 4. 401, 5
1111551 850, 7 ’

87885809
897,14.418,9
5118,1500,15

570,14
0111111115 18 8 00, 8
01114705
1111155808
tritum 845, 18
triverit 880 9
Triviai 804, 18

51115
11

15511850, 11. 585, 88

01115110,1..,0808410.,,190151191.,18091. 881,,1.489
5 8078 845,.8’1800,0 ll

1511 184, 5. 174, 1. 181, 1.

111111180,1.107,.9888,.5 ml. 81718 88818.

88818. 808,1. 51818

01111148, 8. 101, 0. 554, 15. interimat. 8458

1511155155θο

tristiam, 8. 805,15.515,18.1511448,17

15111111 100 18

1501058488

1511188, 5. 108, 4. 178,1. 801,
5. 147,18. 198, 9. 540,1.
558,11. 57515. 584, 8. ’

85111807, 8. 808, 8. 87815

111111188518. 517,.4 581, 18. ’1511517511

’151151 848 10

 

