INDEX

’ VOCABULORUM OMNIUM

01101111 11044110 1400101011.

Prior 11111111 paginam posterior Horatii 1111111 indicat.

1411011444, 41 11110111409, 11
Δ. 1411114414 1111011111 1111114 ⁵⁶1,oe
14111114044 11ωο111444,4 =
A 44,4.194,1. 447, 14. 440,1411111444,11 1111011404, 4. 410, 14
4. 440,4 1411111111Μ,4 111101184,14,84,14
1111111444, 10 11111οω4447 1111011444, 10. 4744
11111111 10111111111441, 14 1411111111 441,14 11111011 84, 7
ι444,1040,1,4,1111101 14111111144411
14 1111 440, 7 1111110111, 4
14 111110 1111111148, 9 1411110111409, 7. 444, 14
14 11111111 47417 1411111111 444, 4
ub 1111111444, 0. 474, 4 1411110111444 0 p ‚
14111104,.,440410 141111414μ4440,17.,40491111111148,11
14 hmo 104, 7 404, 14 111111114111 17
14111111111 10 1141111449,141111111441,11.404,10.449,ω111111111ω
14 4.,49414457,14 1111111,1.1111111
14 111111111414, 1 1411111184,10 11111110111111έ1
141111111011111440 0 ι411111ι444,14 1111101497, 14. 47119
14111 474, 10 1411111447 41111414
1411110 7.1400 4 14114444 1111011474, 2 84,11
1401011111441,4 141111111440,0 111111440,14,14. 4444. Β.
140101110011 1411140014 4. 410, 11. 417, 4. 447, 11
140111400, 17 14111111441,4 444, 4. 444, 0
1401111 04, 0. 18, 7 1411111470, 4 11111111 400, 14
1401111. 140111 1111114111 404, 14 11111111 44014
1401111470 4 1111111111 404, 14 1101114114οὂ 7
1411111487 1411111141111447, 10 11111111 440, 14. 441, 4
1111111044 141οΠ111808 1111111404, 4
1411144410. 474, 10 1411114444 11111 ἰι 404, 17
1111147014 14101111174, 14. 414, 10 11111 Ι111444. 41
14114404 1410111474,7.484,10 1111111111,1.111,ιι
1411144, 4. 41,4.104,10. 040, 1110111011) 111111111478,11
1. 444, 10 abstinuit 4444. 444, 10 1111111411, 4
1411111 174,Ιο abstulerat 414, 0 411111 4471 4
141111 444, 14 14111Ι1111447,1 111111114048
144111 440, 4 1411111118, 7. 4747 111κο111414, 10
141444, 7. 400 7 44414 1411111180 1111111111 478, 14
141411 401, 14 absumptis 414, 14 accrevit 404, 19
14111111 11 ’447 14 141101444,11.444,7 1111411444,1
1114111111 11111401, 1111111141014111
141111140010 frequenter 14. 401, 4.
14ιι 449 7 111111111444, 1. 407, 4 44411. 444, 1
1411101488 111148μ4444μ1444011 1.444,.4 444,.
14111400, 4. 444, 14. 401, 0 41101101 1111444, 0 470,11.
1111111400, 4 11110111 1111411111 Μ, 4
1411400, 1. 410, 10 1111011 440, 17 acerbe 440, 14
14111 1η] 1111114104 1111111 08, 15

 

