616 INDEX
eludere 101. 0. 1010 1011000000]

cohorte· 166, 11

eludi 666, 6. 566, 7 01001676, 7. 161, 11. 166, 6. comen 676, 11
(1110111, 00011. 19⁸, 16 402, 6. Μ, 16. W, 1. 685, 00110011 AEOE, 11

61101110 66161 16

(11101101 65166. 1816 0010110611 1616
0110110,ουοω 166, 1 0001810111 6116
0110110ιο 561, 16 01001111 6116
011001 1616. 6616 0111010011 176, 11

00500111 116, 1
0015116766
cois 667, 11
0011 186. 7
6010111 665, 16

01111601 168,1 00110 618, 9. 1616 16111 colobia 16111
0111101811. 6611 0010101 66118. 16116. 196,(1010111011 676, 2 666, 16

011011 61116 1611966
0110111166, 16 0100101οε 1616
0110111 6617 0100101 5119
01101111 186, 61. 666, 1656, 16 00010101 668, 7. 1611
01101011516 0100101111οι 1619
0110010 666, 9. 1010. sm, 1. 0100110 661, 16. 1811
1666 0110011010 1616. 6618
clazomeni: 6716 00001100011916
01010001 186, 66 010011, 1916. 668, 66
011001 666, 16. 166, 8. 661, 19 01001101 6916
01100111 168, 6 0010010 167 , 11
0110οῑ001 1811 0101101561, 16
0110011 6116 0100111616. 1618
0110011010 1618. 11111 mmmm. 16
clientum 168,1 0000601611. 66111

(1110611 010000001616,16.679,16

011101111666, 1. 667, 8 01001686, 17

colchi· 6111, 16
00101100, 0. 10101100
colebas 115, 6. 6718
00100111 ³⁰⁸, 1
00111611

00111 167, 6

Ι0011181, 1

0011111116. 166, 16

0011111 16116

001111116616

0011006010 676, n

00110 661, 9

00110011 1811. 661. Β· ffl»
001100101 6116

0011001οι 65116

collega w, 16

0110016117, 16 010ρί1 681, 8. 166, 6. 176, 16. 0011ομ01 ⁶32· 15
0110001 667, 18 616, 18. 616, 16. 616, 11. collegia 666, 6
olom 001 011, 10. 100, 11. 100, 1. collegissem

01000 167, 11 6711, 6
010000 667, 6 00110011 6816

clunibus 168, 16 0061000 67, 6. 116, 6. 6118

00110311 6616
0011ἔῖ16966. 666, 16. ³82²

01011011611,9 0011001 1111. 611, 66. 678, 6. 00616010101 616, 6

011000 66, 6 166, 11
(10011716 00610011 6818
enidius 166, 18 0101011611

Cnidon 617, 6 0ομ 619, 6
60116116 comme
0060101671, 11 00801001 857, 16
10000112. 1· 1611 0000111011. 1101. 00111 0000111, 0 010, 1. m

(1000 666, 16 001101166119
6000011 6611 ougo· 617 ,16
60000101 666, 16 0110016916

00000 1511 00ςί 177, 16. 161, 16
00011101 169, 16 0031010118, 11

00111601 66116. imm
collige 699. 11. w. 1
00111ςί16618
001631116116. 67112
00111000 69, 6
0011111177, 6

00110000 666, 16

0011011000 676, 11
001100161111. 669, 2 5169
collyri· 666, 6

001001166, 6

00010 161, 7. 165, 8 00011 179,1. 186, 16. 661, 16. 0010001616

cocytus 1616 161116

Codrus 1616 00011000 colligit 688, 16
0011101561, 16 cogitat 186, 1. 676, 7
00101186, 11 0001101116, 16

01010110 16117. 17111 0030011 1816. 1611
0011001οο 667, 1. 616, 17 0000166817

010101ῑί1 616, 8. 66111 cognatis 116, 66

00100111 1816. 1816 augustorum 66116
01011668, 1. 666, 6. 156, 6 00001101 668, 11. 166, 17
(1011001100 1000666, 18 00001101111, 16

00100001116

0010001 861. m, 16

00100100666,1

00101611. 916. wli-55
16. ffll, 7. 666, 11. Q„-

001. ..., ..

0010101166, 1. 118, 8. M·

0111111, 10

0101160176, 1 0 00100 6116.167,6.115,00101·16016111.18,15

01011611 1116 . 667, 9
0001110111 666, 16 0030010100 6666
00010 16, 6. 166, 1. 1119. 168, cognoscere 6116
116116. 66111. 61160 01716
671, 8. 677, 6. 666, 1. 66100 0006001116
16. 668, 6. 169, 7 00110100 116, 16
0101οι0 8, 16. 16, 6. 166, 6. 0011160101 1118

colubra 681, 6
00Ιο11101 16. 16
00101011, 699, 1
0010016110 666, 16
0010011111 8⁶, 6
00101061 199, 16
0010018100 169, 12

676, 6. 666, 1. 19116. 666, 0011111001 616. 16111. 166, 1 0010011111 116

6. 611, 1. 0011600111 666, 16
001010 000 10101001 1001101 0011000111 6119

661, 1 cohibere 18116
00601000 661, 8 0011111011, 9

00101000 1618
0010011110 686, 16
0010010110 86, 16

001010ου 167, 1. ⁵⁰⁰, 16

0061110111 16116 00601111, 11. 116, 6. 6611. 0010016617

0011100110 68, 6 186, 1

00011 66, 8. 1111, 7

 

