912 INDEX

51161953883 oedibus 587,1 5115151 217,3
8111511 99, 5 5156111151 555, 15 51155551 md
1311115511 161, 2. 259, 2 5111111515 555, 19 caluisse 211, 1
1311115551 53,9.82, 1. 169,9 5551591497 0111551 3592
9555111811 5155155111 294, 19 cundo 517,3
1115511212, 7. 459,9.492,19 55555962 0151551 3224791
51515115 593, 12 01111115111191, 9 camene 131, 2 15912331.
5151511 195,4 5111511293, 12 215, 9. 391, 7. 521142
6155655515 396, 7. 521, 7. 51115111 297 ,4 4. 571117
523,3. cnm 279, 2 (1151111311, 17
511111 1111151789 011111 9, 2. 86, 4. 187, 7. 259, 5111151151 43911
Brute 377, 4. 2. 349, 4. 452, 17. 533, 4 Caninium
Bruto 196, 2. 376,6 051511 33, 8. 53, 8. 158, 5. 0115111515 32,5
Brutum 376, 11, 12 228, 12. 237, 19. 291, 5. cumino 35414911.
5555113251 2819. 491,11.485,8 5155515939
11511111 592, 2 0151111551 81, 12. 199, 19. 227, 01151551, n. 0111551
1355115281, 13 17. 236, 19. 289, 5 0111151111 supellex 7159
55115 155, 17 cesariem 38, 13 Campana 115111 42113
8511115486, 12 cnemis 8, 12 16, 9. 33, 7. 0111151511 4553
Byzanti· 4491) 114, 2. 119, 8 299, 4. 264, 01155155 3518
1. 287, 11. 38216. 397,4,0151515515353,7
12. 596, 9. 5911, 4 51555155593,11
c. 05111115 Augusti 553,12 5155511111 2955
55151 334, 8. 335, 2 empturi· 52121
03855111 372, 11 551511 1111514912 5155555551 58519
5151115379,16 5151511 23, 9. 219, 9. 229, 3. 5115ρί pingunt 1111811
5151115111 497 , 3. 524, 3 292, 19. 321, 7. 592, l. 5519 campi, 911652251251111
11111111. 115, 11 aeternnm campis 11, 5 151111
..1111115555 5511111555 m, 15. 1115515111
5155155515 1511151515, 3 0111515 192, 12. 244, 14 9. 282, 3
5155511111 298, 16 01115115 72,5 eampo 195, 9. 3111 15111
1111111151, 1. 155, 11 5111511115,5.115,1. 55155155591111
51611334,9.636, 15. w, 12 0111515177, 8 cmpos 192, 4 um
5161151447, 12 011111 178, 14 campum 21, 4. 147 ,3 ρ
51611511378,7 01111111 39. 3. 413,6 5115551191211111
5161111 597, 19 5111515 599, 1 5151 nive eonspfltl ᾸῙΡ m
51655111 52212 511115515 541, 12 18
1111151 151, 11 1115111551 1111111115511551
51611992 5115115411, 19 51511413,3
51611, unm, 81, 9. 198, 8 55155 399, 15 5156151295, 11
429, 19 5115551 312, 8. 591,17 candente 513, 8
51611195, 5. 225, 8, 288, 8 5116151343, 14 cudentes 7,14
1116515369, 12 5115552527 audentibus 35913
0165151 575, 2 5115115111558, 24 51565151 455,5
5165 217, 19 051555 72,9 5156161 339, 5
516555 191, 4 0115565 345, 8 5156165 178, 2. nm
51655515 121,11 Calendis 175, 11. 279, 13 5156161111 219, 19
unum 155, s. 155,1.115,11.ο511111,1 11111111 11, 5 affl
558, 18 alentem 195, 8 483, 12
516551567,7 5155911328 candidi 173,4
nodus 259, 5 51155111 289, 13 51561615151 351,4
Gen, 5. 0115 · 51151 393, 13 51561611 189,11
nm 12²2, 5. 439, 19 51151 14. 1. 418, 19. 541, 7 5156165 221, 17
01551115 59822 0155115555 candidos 355
0111511151 537, 8 enicem 441, 5 5156165111 23, 1. 2151
5115151337, 4 5111551 453, 9. 451, 11. 4855 5151116515 ingenia 71811
511551 213, 19 calidae 215, 21 51561651 491, 15. 151. 11
01555111 127, 9. 493, 9 5111651 189. 4. 483, 8. 554,13 5155251111
51111111 11, 1. nn, 1. 1151. 1111151111 sans 1111 ..11. et 11155911
284, 8. 287, 19 caliginosa 219, 9 canebat, 75, 5
oenum 312, 15. 415,9 callemus 579, 16 515515 37513. 52111
55551518, 5 canet 249, 12 51551551 w, 3
mus 1511111115 1111111151,5.555,11 ...1111151553
11111 sumen, 15 1111111551, 15 11111111 1111555
5136115 548, 13 callidum 25, 1. 149, 1 ennete 554, 21
55611 347, 14 callidus 415, 4. 491, 9. 591, 1 canerem 589,2
51565 165, 13. 294, 1. 25115 951155111555, 1 5155111 38, 3
..1111111111 5111111. 1111 mmm, 11511
511611 93, 19. 151, 9. 299, 11, 5111511 435,1 524, 13
nnn 5115 argutus 519, 13 canet 551, 19 , ,,
endem 22,11 calones 33-1, 19. 372, 11 canibus 592, 5. 415111
1111111215 calor 492, 5 11

 

