611 INDEX

juris 110, 1. 821, 8. 856,17.]’616111288,21. 1117 lamias 1812

112, 1. 671, 1. 6819 16161299, 8. 8711. 611, 12 166116ιί019. m 51111
juris, 16. 1616661118 {avit 1615 lwymp 58111
1611... jusculum 816, 2. 188, 1116618115. 57111 lacryma 1112

6. 165, 6. 166, 16 1661561616 22, 9 1111
‘nn 1166661111, 11 1161]6616861.18
166 86112. 876, 8. 16111. 11. 1161]6166661617

1019. 118, 2. 1211, 5.111, 11616 2826. 5118

6, 11. 666, 8. 66118 LABANTRS 1111 , 1 11616 depulsum 2816
jus 111 liceatque 691, 9 116661 619, 12 lacti· 111. 1
jum 171, 8. 816, 7. 889, 1. 11666161169,1 lactum m. 16

196, 6. 199, 16. 677, 12 6161111161, 8 1661666 162, 12
jtmoe 665, 9 babeam 815. 8 1166 128, 1. 8612
161116 868, 16 haberi 8811 lucum 1812
161166189119. 16117 1166161119,16 lucus 221, 9. 115, 7. R&
16111261, 6 labier 619, 12 5217
justit 116, 16. 121, 1. 121, 16. labitur 7, 2. 86, 8. 171116 16611891, 11. 6611

51118 Ιι661 12, 1. 229, 6. 168, 116166156118
161661 211116, 21112. 816, l 6111, 11 laedeutem 85, ll
16611221,12.166,11. 1616 laborantum 8111 “ 16.-(1616 861, 7. 89111
16168118 1666116161 28, 8. 11, 16. 212,16111661618,11
1611161159, 7 6. 851, 1 1116115186
justin 187, 10 laborarunt 278, 1 1611661179, 11
justitie 51, 11. 185, 7 1666166 68, 9 1611166, 12
161666667111 loborat 91, 11. 861, 16. 1116. 1661161166, 6
ι1661166 1112 167, 6 hssrtiade 116, 1
justo 88, 16. 176, 2. 821, 1. labore 261, 18. 8612. 828, 6. 1661111166 89,7

8117 82111. 885, 11. 5818 lm 16, 6
justum 1512. 3919. 511, 1 1111166616 6116161172, 11 1616615319
1611616666616858, 12 laborem 227, 12. 2111, 7. 825, {eso 1611. 7. 667 . 11
1111161119, 18. 121, 6. 68116 10. 828, 19. 816, 16 Imtryaonh 192, 18
16166116 686, 17 166616618311. 58118 loesun 296, 8
1666166, 15 labores, ιω... 16, 6 166, 1211212 66, 1. 161, 11. w
1611618, 16 218, 16. 16112. 6111 6212
,1611161011 1166161, urb. 886, 12. 891, 7. Ιῑ1111152.6· 8816
161611 612, 7 666, 9 1616161 1111
1611111. 8, 6. 811. 191111166161 177, 11. 829, 11..180,1611127,2. 2811

ms. mo, 1. 16111. 66, 16. 119, 1. 511, ³. 611, 6161116911

1. 2981. 8216. 8211. 861, 615, 7. 6712 letitia 62, Ι. 5Θ,6

8. 8516. 11181611161, 1116617111. 16118 1666111111

11. 116, 1. 116, 6. 616, 61. 616616. 116, 5. 166, 6. 166, 166666611111111
. 680, 8. 66119 12. 281, 7. 216, 9. Q, 1. 16161866, 11
juvem 261, 18 62115 latos 228, 5
]666661188,11 1116611666 8011 letum 186, 7. 160, 7. Άῑ
juvenca· 1011 laboriosi 8619 166, 18
juvencis 112, 8. 28116. 1617161666 1211. 82118. 8811116161 8, 11. 188, 8 111. 11
,16166161 11 laboro 161. 16. 461, 6. 66111 161, 6. 616, 2 111118
,1616611116 1116161111. 1611111116. 6. 611. 16116 616
juvenem 8, 9. 178, 7. 221, 1. 8111157110 ’ 6621. 567, 8. 5517

286, 12. 2611161112 lubra movet 616, 21 “ 1616166, 6. 6118
’6166116161 678,7 1111111111 82116. 8611 levabit 666, 21
1616661 11, 8. 69, 2. 119, 5. labuntur 126, 8. 2611 hm 51118

266, 8. 888, 11. 121, 18. lauaem 2118 16661916

1119 11166616 118, 7. 165, 2 leve, 6. uve
juvenen-putredignifififi, 16 6166616666 118 16618616. 58116
1616661611228, 19 Lacedaemonium 1617 laevia 118. 111, 8. 665,12
juveni 18111. 29118. 198, laceranda 21122 laevino. 6. Lavino

11. 61111 lacerant 18119 1661161111. 2118. Μ
juonis 17118. 2811. 121 , 9. lacerare 211, 19 lavo 811, 2. 185, 8 17111

116, 7. 61118 laceraverit 161, 12 laevum 21112. 888, 7. Μ
Ι1616111112, 10. 1811. 570,5 16661661511121 6119
16166116 161, 9. 816, 18 1166111666, 16 levus 211 1. 581, 15
16166111 71, 6. 117, 1, 2819166616 21, 11. 166, 12. 88111566111666161

862, 11 9. 668. 12 lugent 1611
11666616617. 111. 82, 7. 161, lacerto 8712. 17116 lngenae 56111

10. 171, 12. 167, 2. 117, 6. lacessat 1611 lagenis 1611

179, 2 lacessit 86. 5 lagois 101, l
juvenum 66, 16. 82,1. 111, 6. lacessiti 618, 16 Lalage 102, 11

181. 1811111. 199, 2. 228, lacesso 1887 1611366 61. 11518

8. 258, 18. 667, 8. 61111116611618716 1666660110

6816 1616662811 6611661611
juverint 2119, 7 Laconi 161, 9 1616611 61, 8

 

A

