INDEX VOCABULORUM OMNIUM. 664

11161111 ’ 1661, 8
11161144 ,6. 661, 17
,111111 menum 464, 1
11111 thuris 176, 16
11111 646, 16

11111 61416. 1411641 16611111 664, 11
11111111444 1661111111, 1166111111
1111111111 1646 161111146466
1111111441 16111111114,6.666,66
1111114466 16111 1111644

1111146414. 461, 16. 116,111111,1.16,1 466,16.48,1611 76, 7. 476, 6. 6444

16. 666, 4
1111116416444, 18
cervum 466, 11. 486, 4
111111 m, 8. 476, 66
111111 486, 6
1111461, 16
uto 477, 4. m, 1. 446, 6
111111 m, 17
1161111 Ἀθ, 1
1141111146, 4
1161111111 1648
1111111111 666, 16
1161111111 166, 1
1111111111 16, 1. 164, 7
lomatio 166, 6
1141111 464, 16
minei 46, 6. 666, 7

16 666, 16 1611111111111464,7
mutum 481, 1. 461, 11. 666, 161111616, 17. 466, 7. 471, 16
11. 681, 16. 6846 1611161416

1111111 1111114446 16114844

16 6, 4. 4, 14. 66, 6. ω, 8. 164, 161111616, 16

6646, 4111661 1611116746
141111111114641 16111114646

16, 11. nsque 16 67416. 444, 1611111 661, 16
4444844416 16111 4446144464, 7. 446,
16 arbitrium 176, 6 8

1611118414611 16111167416
16111111666, 16 1661111 666, 11

. 161111111161 11114647 1611116646

16 11111467, 4 16111114646
1611111111 447, 64. 6644 16611114447
161111146416 1681616146
1611116111168 16616161111677,7

1111111,1111111111111111111.11111 ..1111111111

676, 16
11611111 648. 8

1611114644 161111 174, 16. 186, 6. w, 7.
161111664667416 647, 6. 64616. 666, 7. 618,

1161611611111 111111 664, 6 16 luorum 111 688, 16 4. 647, 14. 666, 16. ⁶6³, 6.

1111111477, 14

manin· 11111111 1111

1111111646, 6. 464, 11.646,1 16111111 ,8 1611111οῶ47
16 1111146411 1611111111 16146
16 mortem 4448 1611111 466,8

11111111 166, 4

11611 468, 4

nidum 664, 6

cies 166, 17. 4646
1111111 66, 6

111111 46416
61111111 466, 6
{gigo 16687, 1
11111 61, 6. 4448

16111111 6644 1411611646

16 plenum 446 td 1111111646, 16
1611111111147416 1611111617, 16. ms
16 umbilicum 16611111 6648 1611111 ⁴5⁹⁶
«languea 1116311116844 16111161464441
16 unguem 111111 homo 466, 6 “spuunt 66, 4. 674, 14
1611111111661, 16 1611166),6.446,16
16 1111146864. 686, 16 1661411411

om Ἀθ, 7. 661, 66. 444, 14. 1611111611 16,11 16111 44416
476, 6. 466, 17. 46416 1611116111666,6 16111111646
αἱ 66, 4. 166, 7. 488, 8. 446, 166161 48418 161111 486, 16

mlii 464, 16. 446, 11

16611144444147 16]·161111666.1
166111 66), 61 16111161 67416

eriora, 1. 1141 w, 1111111 1119 :quamam

8³⁴, 6 ⁷
1111 16, 6. 444, 4
16111111 16), 7

111111 664, 1

111111 17, 4

erin 4441. 416, 6
{omunia 11, 4
11167416

111848

16 674, 16

leti, 1. Atti

11111666, 6

ntor 647, 16

1111 1111111111 686, 6
mori· 676, 8

111 676, 4

61111 46416

1661 111, 16. 461, 61.
631 2 1 ‚ 1
461, 1. 466, 18 ,
1661 quad 111, 16. 46416. 16111116646
66416 1611111111 66,7
16611111 abd 846, 19 161611161614
1661114416 16111161 111111 466, 14
16611141, 16. 664, 14. 646,161111111474,7
16.648,16.666,64 16111111646,6
16611446,8 “ 16116111 6646
16611111448, 11 admovit 6446
addietum 466, 4 adoleverit 484, 14
16611111471,4 1111111941
1661611166, 14676, 16 1161146414
166116647 1611116444
16611 46414. 466, 6. 46416. 161111111666,1

41 , 4. 1661111111 48416

4111111 appulsu 174, 8. 686, 661466 1611111466.4

6

..1111111111 111ι11111.111,1.111.1

6111 pro ’1111 sabulum 1666111144144166841746111116, 11. 77, 7. 166, 7.

6746. 4 6, 6

61111 111, 14
6111486, 18

111111 7, 4

11111647

wumen w, 1⁸ &⁶5⁴
611111166416. 6446

1661111 1646 16466148
1111114841 4611111441
611111111411 161811166466

16611111 16 umbilicum ΜΛ adscribi 166, 16

1661111461, 6 161111 111668, 6
1661111161414 16111 416
adduxeramus, 14 16111666,4.447,11.66416

 

