VOCABULORUM OMNuJM. 611

Boiotro 46616. 46611 6611166116 167, 4 6164666666, 21

beletrooe 466, 16. 467.6 6611166666116, 16 bis 1611166864

1616166666 6661 661666661611 6161666168

bobboni 4666 bello 66, 6. 76, 1. 161, 6, buo. bis tene 61611. 664, 18. 58⁰,
6116646616. 6666 661166646611 18

Balbinum 646, l beliue 676, 7. 466, 17. 466, 14 Bistonidum 1464

1116666468 6616666666. 1661 61166 6768

6166111 6466 bellun multorum onpitum 474, Ritbynn 86, 6. 46, 6

6166 476, 1. 666, 6. 6666. 16 bitumen 6166

681, 16 belluis 61, 6. 616, 16 biunde preoe 687 ,4

86611666 6611661666 beiluoeoe 6661 blundus 6668

»mihinam 66116666, 7. 166, 6. 166, 7. 6166416666

›mtbmm 6166 667, 11. 666, 6. 666, 7, bie. blandienti 186, 6

»urbem 646, 7. 661, 6. 416, 16. bene 161, 6. 1161. 12⁰, 2. 166, 61664161 664, 6

681, 16 6. 66666614, 1. 6866, &e blendios 667

>urbm 666. 164, 4. 666, 16 bene suet 411, 11 blondum 66, 6
1111166166 6. 616, 17. 6766 bene eeteoi, bio. 166, 6. 446, blundus 64617
moun 16616666 16 Bisndusiue 186, 6
urbm 66, 10 bene esse 476, ln histem 4561
1116666 477, 6 Beneventum 664, 4 binttnrum 46616
esbum 66611 666666116616666166166666116,6.166,6.611,1
»submotum 86, 6. 66666 benignu 6668 Bmotum 6664
mbuum 66, 6. 146, 1. 686, 1 benigue 466, 4. 46616. 61616 6611666 686, 6
obuios 167, 8. 6668 benignis 668, 16 6666 668, 16. 66616. 644, 14,
»erbetum 4661 benignitus 666, 16 16. 647, 6. 461, 1661616
»orbito 74, 7 benignius 66, 6. 618, 16 boun pers hominum deeeptn,
61611666181611 benigno 44, 6. 666, 1. 486, 16 &e- 661, 8. 681, 16
11666616666661666, 16 benignum 666, 16 boun, ie. sumitates 466, 18
1611666668 benignus 661, 6. 6666 bone 666, 6. 641, 1. 6667
ianoe 116, 6 benignus uini somni oe 416, 6 bouem 616, 11. 666, 16
666116, 11 66666]61616161,1 664, 16 boue 666, 8. 666, L 416, 16,
inuios 6768 6616616161647, 4 464, 2⁰. 666, 1
1111111666,6.6ω,6 bibum 66, 6. 68611 6661 666, 6. 466, 1. 464, 1.
isauron 47, 6 bibunt 616, 6 616, 16
iusum 866 bibendi 1161 bonis 66, 6. 67, 6. 666, 6. 666,
1616 1166666 bibendum 64, 16 4. 644, 6. 46616. 666, 6.
6611666666 bibentem 866 67611
66611666, 66 bibenti 661, 16 6666 2⁰⁰, 6. 464, 6. 616, 6.
8614667 bibere 176, 6 661, 11
6116466 biberent 666, 6 bonorum 666
*stu 6661866616. 611, 14. biberes 1766 bonos 646, l. 6668

476, 17. biberis 466, 6 bouum 466, 11. 664, 16
66161661. 141, 16. 616, 6. bibes ⁰2. l. 48166 bonne 649, 6. 666, 6. 646, 8.
44611 bibimus 464, 16 647, 16. 466, 4. 616, 1, 16.
mon 6166 bibis 6666 6861668666.
611616. 6. 684, 11 61616614768 Boreo: 6666
»euti 166, 6. 166, 16. 646, 16. bibieti 661, 6 bos 266, 2⁰. 666, 16. 467, 6.
46616. 466, 6. 6464. 6666 61611 166, 8. 164, 66664 61614
entier 178, 4. 166, 11 Bibule 6666 Bospori 144, 14
61116661. 66616 bibuli 666, 11 Bosporum 122, 6. 166, 6.
6110 6668 1616611616, 16 · bove 166, 16. 616, 16
8116666166, 4 bibulum, 6166 bovem 666, 61
netum 166, 6. 176, 6 646, ⁰. 616661661, 6 6616666, 6. 6766. 666, 6
111616. 467, 6. 4664. 666616666166166 bouis 686, 16

4.616,1,6 bidente! 661, 14 bruobiu 22, 6. 64, 7. 161, 6.
estun nibil ent eb omui 1666 bidentium 664, 1 160, 6. 166, 16. 176, 6. 667,
entus 66, l. 168, 6. 666, 1. biformis 1466 ’ 6. 666, 18

³⁴⁰. 6. ⁸51, o. 616, e. 1666666616 bnehiislot,1⁰.2⁰s,⁰

21· 477, 6. 666, 15. 6666 bilem 41161. 6667. 667, 14. 6666616666
eet 666, 16 681, 17 breue 84, 6. 667, 6. 466, 6.
eliu ⁰, 16. 118, 6, &e bilibri 467 , 11 661. 16
6116641666, 7 61116 166661 brevem 161, 6. 664, 16. 646, 6
6116616 61611 bitis· ,16. 686, 6. 461, 16 breues 68, 6. 656, 4.
nitentis 161, 1 6166661617, 7 brevi, ι’. e. penio 61466, 4
elle 6666 bimestri 164,7 brevi 28, 6. 1 , 7. 667, 6.
11116666666186Α bimi 66, 1 666 16. 676, 16
16116666661616 6666 Bioneis 6661 616666661616
iniieropbonti 1766 bipedalis 466, 16 brevioribus 666, 16
eiii 86, 6. 66, 6. 166, 4, bue. bipennibus 666, 4 breuis 16, 16. 166. 6. 467 , 4.
6116616111· 66166666, lt biremis 221, 1 464, 66. 486, 16. 616, 6.
elii domique 666, 16. 6467 616661 66618 646, 6. 666, 16
66166666666 6161661661 aiibi frequenter brevis esse 166616 666, 11

666

 

