VOCABULORUM OMNIUM.

000210,1.241,10.249,18 00000000101180,2 00110000 26,1

00110 14, 6 118, 8. fl, 10. 000001001100, 21 maderet 4001

29010 0010000011 126, 2 0011000189, 11

orm 211, 2. 141, 9 0001011100 139, 4 0011601188, 11

0001000181, 2 000011001128, 1 0000160111401,9,11
1101000000 491 1 00001101101. 411, 6. 112, 11. 0006161111. 111, 1. 286,11
00000111 111, 12 411,1 condis 18219

000006, 12. 211,1.264, 10 00001010148,10.016,1 0006110111008

118, l. 112, 1⁰. 111, 18. complesti 281,8 00061100202,8

4021. 490,.9121,1.109,110010010101161 6 00060201, 1
000011060443, 11 0000100190, 0 condit 0011000 diem, 010. 211,
01111οι 101161, 11 00100000 1016 12

001008411,18 0010000000 1199 129,2. 110, 0006110215, 11. 1012. 611,6
0011111. 110,.1 191,1. 6. 1002. 40ομ3 418,1.0606111282.2

302, 2 091, 16. 100, 21. 4751000011. 000,1 60041110466.12413,5
051,Ιο 00000001112. 0109 conditionem, 11
0000010221, 1 componunt 0108. 0001 0006111009011.4 1011
0111110081, 0. 121, 11 0000011111480, 1 00061101101

0101101200 110118210000011014101 00061101181,1

241,8212,11 1188. 110,000001008,4 eonditum, 00111111. 10000, 166, 10
11, 411, 2 0000011024, 8 00061100 ..penult 00001,01,1
00111491, 10 0000011111 209, 0. 420, 10 conditus 360, 0
emendarem, 1 0000011100 0191 condo 411. 2
00000011022,1.101,1 0000011101116, 8 3606010119289
00000000120,20 000001011818190,1 maducat 010, 10
0000000112, 12 0000101111 101, 7 conducerem, 14

00010οι0 126, 1 00000 400, 77 conducti 089, 9
0000011110,11 5000155947, 5 0011000110 111,8

0001110111 081, 10 0000575777 55, 79 00060010116, l

0010111100 0146 conamur 161 333933133451.9

0111011111 101 211,6 Concanum 1001 0000011011, 0

0001111141, 16. 101, 11. 021, 000006000410 3633399911· 499.1 59911
14 110, 15 0000061110 101, 9, 12. 411, 006010010000, 14
0001162158 161, 19 0001016011116, 1

murum 211, 12. 124, 1 concedes 191 l 33353393] 596.1

01001. 8807 ..00810805 confice 383. 3

0001110060 0408 0000001101 180, 11 confidens 8101

>omittere ω, 1. 116, 12 0000001001 010, 2 3339333945. 2

00011101 409, 11 00000110 1006 3601060 6419

nmini· 10000 110, 15 onmem 66,1 consuram 1401

0010060 466, 21. 110, 8. 111, 0000011010 180, 11 333933397919· 529111
110111. 11112 concharum 3331. 3313925. 12
000060141210 0000100 411,1 0000061121, 11
0000057577 ...5551500 000700010111. 1614. 0411
0000610111, 1. 109, 11 00110110 1102091 118, 9. 411μο 6661051600295. 16· 248. 2
0001000945, 5, 499,,7 549, 454, 5 0015110114, 2. 111, 10. 106, 18
4. 118, 18 000016111912 3331339599 7

nument 1990 00001600111,9 3361399926
0100100009ιρ ..0111010000 0001011266 5 4418 45812
4000101201] 00101110 209 0 280, 7 monentem 5514

0011111110 1101. 118, 9 concinnum, 10. 1280 363391302899

3336001144,10.411,.1 041, 000010οι102,1 3611614719
17 concinnior 559, 4 0000011119, 12. 419,1

000101 0010. 071, 1 000100101511. 8800 00000100 210 1
0010001101 001, 9 0000101101 121, 9 3636346 171. 8
0000001288,1.1π.12 ' 800011 180, 10 0000104119
00101611 119, 1. 112, 19. 388, 0000110189, 14 363331199692.19

10. 010. 0. 00ομ1 0806 conclave 111 15 33336602457
3606101208, 0 001101060το 1521 3633601170 626. 9
3001111120, 11. 008, 0 corolum 801, 8 0601001111161
991131111001... 13161111 mm, n 9591161955. 4014
6075061101 111, 11 656569968082214 9651519θῖ9922 ⁰
3100011011 111, 2 00ωο0110111 212, 4 3333973 299. 9· 522. 19
00001111 1910 concurrant 509, 70 ωο1110000601114, 8
93939001 41210 00000101 041 11 0011111101 1191929911· 25119
33933006144, 11 concurritur 124, 1 00011110 101. 4

30001110114 00000001181,1 0001111110 101, 1. 201, 1. 218,
93933911918 coneum 1128 4. 101,2. 411,1.410,1.111,

9363333420 111,9. 180, 14 concute 142,Ιὶ 11
’09133331040010 1 concutitur 18,9 0001111010129,6.182,1

1

 

