VOCABULORUM OMNIUM. 623

111111111187,1 11111111207 11111110,1.19,12 1001.
.ἓο,12.70, 112,1

1101111601 111111, 1.10,.1
11111117,1.110,12.1101.1.100,.1.210, 2801011111112178
100μο9οΜ11101,,6,111.021,011.110,18111,.,11198.100
0.120,10 .106,0.117, 11
1111119018 ,1. 171,6.01111111208,2,0
11011801 01111117101001
1111111211, 11 1111111161 11111107. 97, 2177, 0. 1200
1111111111Ιο 12 dextera 10 282, 10. 000, 11. 0111111211
1111111121,10.101,11 117, 10 1111111100,12.120,8. 180,.1
11111 117, 10 111111111οὓ1 107, 0
111111111οὃ1, 12 01111111901 0111 117, 1. 001, 11. 060, 2.
111111111 0100 dexterius 081, 11 101, 0. 110, 10
1111101,1.19,20.110,16 011011001011012. 07001110 111,22.18011.111,6.
111 1111111120, 0 11111111100,8.107,0 112, 6. 170, 2. 178, 8. 180,
0111111702 0111111 200, 1 10 -
11111111 171, 20 dextro 000, 7. 007, 11 1111111111 101, 21
11111 111111.

, ex 11111 , 1 ,
1111111111 100, 10 01 111, 0. 112, 11. 181, 0, 1. 0111111111, 0
1111111111 1008 127, 7. 11001111 Dii dictantis 118, 0
11111111 118, 10. 1201 111 0111 11111111 1101, 81111111111001
1111111280 1 011,1 0111111 0010
1101111181, 12 1110000 0111111170 0. 19, 10
11111271 0011........11.111

1111
111111ιὶ111022 1008 1110101011. 1602
1111111001 101, 0. 170, 11 0111111111111Ἰ111111007, 1 111111111111101,0
0111311100, 0 Diana 188, 7. 60 2. 001, 10. 01111100, 6. 170, 11
11000, 0. 127, 11, 111 0101211112 0111110017 “
1111111111 1111111112, 1 0111111000,11.100,.2 1807.
1011111001, 0 011111110, 11 ‚5777
1111.
1
ο1111111011100,7 118, 101008. 101, 11. 107, 011111 9, 0. 210, 7. 201 0.
11111106012001010016 100101800
10 0111111100 1101. 100, 10 01111111 180, 12
1111111111οω,1 0111111111 1111111721 11111111210,18.110,0
1111111107 1111111117010111,11 0101110001. 188, 11
munitam (1111111177, 0 0111111111 11. 182, 8. 88011
1111111101 1111111 011, 12 01011408, 7 .
111111111011 011111 00, 11. 01, 1. 90, 7. 01011111088, 1. 180, 1
1111111701. 18011 0801.102,8.117,19,(110111111701
1111111700 10110,1.180,10.011.1110 120010197121,
111111111912 1000 1 10010. 2001. 2100.
111111111107,1 11111222,,1 221, 11. 2000. 2101. 276,
1111116021 11111111,2.117,11.111,2 11· 797. 878108 788. 4.
10111111 127, 11 111, 10. 121, 12 102, 1
etr-here 001, 10. 1001 1111162, 10. 021, 0. 021, 2. diebu} 011, 0. 121, 18. 176,
111111111017 000,1.111,0.018,1.111, 857017
mentm 11111.1’11,11.’,111 1101110811
1111111111 1100 17071801 11111 9,2. 10,
11111111 111, 17 1111111 001, 1. 010, 10. 0101. 7· 777. 17
11118010. 010,Ιο 120, 8 008, 8. 01,
evenit 188, 11 011111119011 7 48110
»mi 0012 111111121010. 1207 dierum 21, 2.
11111010 111110111111111111111106, 1 11118010.
11101000 01111011701 172, 11. 17.
11111191, 1 11111011111,0 8 2201.
vinctior 001, 1 1111111711
1119012 0111111187, 2
1111111011 1111111110, 2 ,
num 1181 111111100 10,.1 19,.1 1201110200 17001001
111001. 2100 97, 11. 0211 0. 0007. 012,10.111111111178,2.112,10
9029000702 0201001μο0700082011οπ10010
1111911111.ρ111111.,.11011 110, 001,.0. 007,1.121,7.11011011112801 16012
20. 1000117, 10. 111, 1.11011111280,1

vocare 001, 12 110, 18. 771,1. 180, 12 1111111101. 17010
1111111107 1111111 102 6 1111111170, 12
11111190, 0 111111111111110 1110111857. 18. 473. 7
1111110, 18. 90, 10. 207, 001111 11,10.110,8.211,1.11111111110180 101, 0
mimo 2102 1100. 1000. 188,001011111080,1. 1711

 

