VOCABULORUM OMNIUM. 611

1611116464, 16466, 11 6611166116167,4 616 666666221
11116166 466, 12. 4666 6611166661116, 12 616 61116206, 4
61116166 6661 661116206, 6. 640, 11 6161111276 6
16166614660 6611662, 6. 76, 1. 161, 6, 616. 6616116276, 11. 604, 10660,
66146616. 6666 061166142611 10
1116166111 6461 6611612767. 466, 16460, 14 0161611666 1424
1166166460 661166 centiceps 124, 1 011116 676, 0
1166616460 661161 166116161661611616474,0116]6100,6.4ω,2
11161476,1.606,6.600016 61166662706
60616 6611616 61 2216, 16 61666161666607, 4
11111661 111161 1696 6611116666 2601 6166662268
1616164262 bellum 66 7. 100, 6. 166, 7, 6166616266
1161111161 616 6 267, 11. 266, 0660 7 616. 6166616611 162 0
66111640, 7. 601, 2. 416, 16. 6666107, 2. 116,.1 120,2. 162, 611661612666
60616 6.,Μ’.,20614,.16006,616’6116616660,7
11611160, 6. 164, 4. 660, 16 6666611141111 6166666600
1161161100, ,2216 17. 270, 26616 611661 616. 1066 446, 611166664217
16 016666616166, 6
6666 6666 47612 61616116 468, 1
0666166166 6664 611111166420, 10
1161111010, 11 6661166160, 6. 220, 12. 202, 1066666172, 0. 266, 6. 611,4
6611616600, 0. Μ, 20 61111166660 01661616 660 4
1161161162, 2. 142, 1. 2661 6661666406. 4. 406, 16614, 16 0611166602, 0
1161166167, 0. 201, 0 66611616220, 16 6661211010. 00612. 64614,
6611664201 benigni ’166266 16 16. 647, 0. 401, 10. 617, 16
116116 74 7 benig 616126, 6. 610, 12 6661 pm 1166116616 decepti.
11611666, 6210, ll 1166136644, 6 266, 1. 406, 10 616. 627, 8. 681, 12
bri 666166116611666, 16 benignum 606, 16 bom, 1. 6. ,1116116166426 10
1111166100 6661166661, 6666 6 6666226, 6. 641, 66667
1111161166 666116611161666161 66 4162 6661111612, 11. 066, 16
061661616111 1071022612 6666 266, 8. 260, 6416, 12,
0616616166 47 4 464, 20. 666, 1
61611666,6264,11 6661220,2.402,.,.14641
6161616126 616, 16
6166661110, 1 66611666. 07 , 2. 266, 0. 266,
1111 116204, 2 bibendum 84, 10 4. 244, 0. 466, 12. 606, 6.
1616161660, 0 bibentem 88,6 67611
11611666, 22 6166611661,Ιο bono 200, 6. 484, 2. 616, 6.
1611607, 7 616616176, 6 661, 11
1112460 61661661620, 6 6666166 6266
611266, 1020016. 61614. 616616117οΒ 66666246,1.600,0
470, 17. 6166116406, 6 bonnm 400, 11. 604, 16
61161067 141, 10. 210, 6. 61666 62 1.466,6 bonus 240, 6. 666, 6. 642, 0.
442, 11 616166146610 647, 10. 466, 4. 616, 1, 16.
11116111, 2 61616266, 6 604, 10. 600, 26.
161616, 0. 204, ll 61616661470,0 061616 2060
11111006166,16.240,10.6161111661,6 661 266, 20. 600, 16. 401, 2.
4661640266464666061611126016466274 61614
1611611704102, 11 016616 606, 6 Bospori 144, 14
11116601. 62616 6166116241, 11 Bosporum 122 6. 1666.
1116600, 0 016611 216, 16 · 6616 1061261610
1116111606, 4 616616111, 610, 6 6616660021
111661 166 6. 176, 6. 240, 0. 6166612111, 0 bom 26, 2. 270, 6. 2660
620, 16. 407, 6. 400 4 600, 61661616 610 6 66116 206, 16
4 616 1, 6 61666111 601, 14 brachiu 226. 64, 7. 101, 6.
111616 616116611666161166, 661666666204, 1 120, 6. 166, 16. 170, 2. 667,
1116166, 1.1661.166,1.616111111441 ’ 6.,606 16
0466. 661, 6. 442, 8. 464, 6116666 61666111161,10.206,6
21. 477, 0. 626, 16. 6606 bilem 4066 620, 7. 667, 14. Brenno· 267 2
16162610 601, 17 6161604, 6. 667, 2. 466, 6.
11116, 16. 110, 0, 616. 611161140611 661, 10
1111641666, 7 6166111160οΛ 6161661260266166400
1111116611, 6 61111 ,16.606,2.421, 16 616166 00, 2. 266, 4.
1111166161, l 6161111167 6161611. paulo 114024
1166666 bimestri 1067 61611 20, 6. 1 ,7. 667, 6.
6061666666 166, 4 6161601 666, 12 676, 12
1116166666166 2622 01666166661 61611661276, 12
6116166666ῑί 174, 0 6111661111 466, 10 brevioribus 620, 16
111100, 2. 06, 0126, 4, 616. 6166661666266,4 616116 16, 10. 120, 0. 467, 4.
1111111116166161666, 11 61166162261 464, 22. 400, 16. 616, 6.
1111 6116166662 16. 640, 7 011161666, 10 646, 0. 606, 16
111161 16612662 6161661661611611166661161 61611166661111616666, 11

1112

 

