VOCABULORUM OMNIUM.

11161111011 1116111411,111111 1111110016
1116111160,16 11141166, 4. 666, 14 1111111461, 6
1116111661,4.66416,66411111616164,16.04,11.1111111611,1
111114116,6.,.611116,16. 666,6.,6666.666,.11166,11111666,11
6166016416, 11. 446, 11116,1.1 466, 66616 1114146614
6446114011 1111111 1111111111661061111111661, 1
1111110446116616,1111111111666666,6.06,11111161,6.616,16
mininam 661, 6 11111166,11
minima. 6616 1111166, 6161, 66 11161411
1111111166,6 111161,14466,.16666,61111111110,16.161,4
1111111161. 0,6. 611,1.111111666,14 1111141616, 11
616,.166646.40,6.416,111111411116,0 1111111166..66
16. 464, 0. 666, 6 111111111416,6 1411141101, 1
111114166616 1111111160,16 1111111611, l
1111141101, 11 111114111,6.66,11.161,6.11416,1
1111111. 11116. 1164 6 11411.441,11.111,ιι.111111114,11
1616 6161 1141116610
1111111,ωή.11,11.166,11.111114111106,16 1141411666
641, 6 1111141111161,4 1114141411, 6
1111111161, 16. 666 ,141666 merentur 46616. 666, 11 1114111111 11111 01, 16
1111111446, 6. 4616 memmium? 1114161461,16
1111111101, 1 11111411446,1 1114161661. 461,6
111’164,16.466,1 1111161,1.161,6.664,6 1141141666,6
1611104116 111114161,4.164,11. 411. 11141111111466, 16
6111111466 6 6461, 66641 metientem
0111411414,1.616,6 moade& 646, 6. 146 6 1114116660
nendum 164, 16.616,1.111111411111,11. 161, 16 1114111611, 16
, 1111111116,16.116,4 1161141110. 66
1111111111 161,.1 4666 1114111116, 6. 461, 1
111111111111111466, 61 1114144161. 666, 6
1111411114,110,6.161,11111111111446,6 114166,1.06.141,6.06,
16.466,6.616,66.666,11 111111,1411,,661.,1661 4664,.,16106.141,6.
1114011111 161111110016666
1114111166,61 1,66161. 60,16 1141111111110,6
1114111416, 16 · 111111110614 1114111161, 11. 10, 6. &OM
111411116161 1111111164, 11. 1616 1141111019.161,16
11111111104,16 1111111141416, 6 netu-1⁸³9. 11. 466, 11
1111111411, 16 11111111411111616 1141141161, 1
1111 16,1. 141, 6. 166, 6411111111166,1661,6.10,1141161460. 66
611,.6666,1.616,16.’166, 1.416.16 11411111ὶο0
161611. 416,4.466,11.111411166,6 111114141616. 641,1
484,8 488,1 11111111 1011 11411141111. 141.6 “
11111111 116666 1111611106,14 114111411166,6
11111116, .141,1.146,11.1111141111644 11411111,1.161,11.1668,7.
488, 8. 40, 4. 1111161461,16 111, 4.161,16.4111 40,

1111111111666, 11 11114664 6 16 41466. 116. 61. 616, 4.
11111146644816 1111141111 166, 14. 161, 6. 666,1

1111114604411, 11. 666, 14 466,6 11411141664 ,
11111 16616. 661,16. 616,111141111666,1 114111411164,6

12 111141111611116, 16 1141116416,16

1111111111, 1. 641, 4. 4166 meretrici· 16414ομ4 661.114111411446,16. 46416
1111116616 16 11411146, 1. 466, 166661
1111111161, 11. 06, 16.446, 1 111611111466, 16 metuet 616 6

11111111114,1 1111411161, 6. 666, 16 1114114116, 16. 10, 4. 616, 6.
ωψτ4μ6]48,.,,,40681111116660.461,1 466,661611.,6666
046.,61661.6,.46616.11111661.64,6 6461

461, 640. 4. 466, 6446, 4 11114111616,1 11411146,1.01,11
1111411411. 46 6 86, 611111111116, 11. 16, 16 11411466,1
10641616.411,16.416,111141616,6.01,16 11411666

8.486. 11446, 14. 441,1 1111411666,,6 64146146 1111111141,1686,46.116,1.

nentem 144111666, 64 nerito 164,14.161,16. 661, 161, 16

11141160,6.01,1 6406 11111,6.14,6.666,16.
1114111461,1 nerinorum 6616 06, 11. 4166

1114161101, 6. 611, 6 11641141114114414111, neu! 66616. 616,11. 161414.

1111411166,6 6 114,16
1114111100 111116,6.,166.46 6166,1111,1.1.111111661,16

111411116,1.,.,11616164 61161101104118ὥ11111116661 1166.

16.416,6.,.41616461,16.164,6.661,,,16661.616 11141,11.166,,’16.
411,1.661,16 16.’66614Ῐ,1616.446,6. 661,11

»1141114610 60, 16. 666, 11 1111046

»autito 441,1 111111 666, 6 1111416, 6

1114141 616, 6 memte 4166 111411 161,6

 

