VOCABULORUM OMNIUM 667

66111161 1119697 61111661 4192
6611 ,4 66,61199 191899
6611699991 66161 ⁰1, ⁰. 169, 9. 186, 4.
1111611111 68916 964, 9. 997, 9. 99916961.
66666111 6991 6. 48916. 6194. 646,9
6661611161467, 6 666111166 669, 4
6666111111 616, 19 666616146919
66611161 6999 6661669, 1. 619 4
61666116 416,6 66616616 491, 6. 44919469
6161111489 14. 69919
666911141919 66616161611969, 16 ·
1966611999144999 61116611 6999 6611116696, 19
6161611111, 16 6.ξ111611661.14,19 66116111616411
11 1 16111 6 661116
6111111499,16.469,16.669,7661116691,8 6611116,.118,6.,916.98,.6 y
1171161486 66111616 696 16 99, 11 49, 6. 164, 7 999,
66111 1116 61111694 9 6611116996 19. 99914. 9991. 49912.
1661116676, 11 661164916 67914
6111111944, 4. 9996 61116141611111111. 619, 19 666111169,1.114,6. 489
66611616 619 9 6166111, 969, 9. 416 9 6661111991
166111, 419 6 ” 11666666111696, 1. 691, 6 661111111964 6
16161119, ⁰0 6611111489, 6. 694, 16 661116614919. 99, 1. 81,
116111 ..111111
ῗὲ..””“ἰ’1.”.1’7, 1111111 1111611 ⁰⁰⁰⁰?1‘1‘m
616164, 9. 997, 6419, 19 6111 Ρ1111161, 11. 446, u. 666, 6116699 9 199, 19. 191,
4697. 469 6 666,19η1.1 646, 14
1616198 6161116166997111 661618,,9.2994.997,8.
616116166914 666661667916 6966178,6.’999.966,4.996,
61611111,ι1111,11111,.1111,1’11
11. 6411, 19 6111116116 ⁰ 6666111669. 996, 1. 966, 16.
16116111 416, 6 · 66111 6161111994 466, 16. 479, 9. 469, 16.
1116111 446, 8. 696, 16 1166611661 169, 4 691, 9. 669, 19
1616111199. 9991946919 6666161497, 9 66111999, 6. 619, 9. 619, 6. “
1616616 969 94 6661161966 9 6699
fflfflv'. 711 11161ῗῖ61 39116211 12111, 1 11611.
1116689, 4, 61111161 611111914, 99. 66916 967,6
111994, 19. 469, 4 1611611111 111, 4 6111 1919. 4949
1166119796 1116619999. 6692. 679,1 6111196 6996117161
1111111111Ι 966, 16 1111161696, 6. 61616 61661616 47911
6111811194. 944, 19 6611 91166, 11 6661666115 961, 19
1 66166 1116
1116116661 146, 61 1111619111, 6. 9699 61611161 97119
er⁰1)
1111611166 99919 6111141, 6. 146, 9. 969, 11. .6161167,.6 1891166616116.
1111144919 1116,ιὲ 611 61664696
1111611 6991 611, 1161697919 611ξ111499,6
91118916 66 ,1116116119 19 61111161 196 6
6166166421, 16 6611661 11611116, 649, 9 1111111917, 1⁰. 469, 16
11166166,.6666,.,96666 66;1,’,1116966997996696111161668,1
1166611918, 1. 996, 66994 466, 19 61116664996
1111666111 471, 17 coquom ibit, ⁰⁰⁰, 4 61166161861
16111111 111161647, 4 66 61611949, 6. 499, 99. 677, 9611111 199, 14
666166197917 6111166196, 14. 149, 19. 969, 4616116494, 9
966111668916 996,1.499,9.1 466,16.11161111666,6
1111616 916, 19. 611, 6 466, 19 611616144419. 499, 19
1111111716 6611699 MA) 111111161946, 19
1161661 481911 66166 964, 9 611111616 669, 99
1116111496,17 1161116497 61161111666
1111496, 9 1111616617, 7 6111 994, 19. 89, ⁰ 499, 21.
11111611,6.1161166611 1111611161914 449,16.469,16.691,19
11611616,6.11611611616 9616666168, 6 611196,9.116,6. 1169 161,
11661111 1696 911661116919 4. 999, 91. 412, 19. 446, 9.
1 6111111676,16 661611661949,9 6999, 616.
11 61111619, 6 66111611669, 19 611111 169, 9
1666616 9999 6111119916 = 6111611969
1116169699 611116 499 19. 461, 19 61116161 967,6
116161 696, 16 6111111176, 16. 979, 4 611116166,19.969,6
1111161 49199 6116111694. 9491114964 6111161111 9499

119

 

 

