692 INDEX

11116116. m, 1⁰ 4. 686, 6. 419, 7. 468, 6111111111 usa
11111111 616, 14 6169. 666, 14 1111111101, 1
11111114661 1111104966 11111111616, 11
11111, 11111624, 2. 6966 1111111111 667,1 1111111 ⁸⁰‚2 616, 6. 6611.
1111611161. 686, 16. 412, 4. 11161111161111111111671,6 6462. 644, 12 θ, n
447, 6. 68619 11111111 6664. 6661. 66616. 1111111 11111 1111116766
11111116966 666, 6. 66616. 686, 21 11111111 671, 16
111016661 1111111110 176,6 1161112661
1111112116, 16. 6966. 666191111 188, 6. 66616. 667,1.111111111Μ,4
mli 61, 9. 261, 16 61626. 66611 1111164614
111611011111641,1 11111114166 1111111 6, 6. 661, 6. 6766.
11161 14, 6. 61, 6. 61, 2. 116, verecundum 62, 6. 4968 661, 14
8. 186, 2. 218, 18. 287, 4. 1111111611692, 14. 6766 verticem 41, 6. 191, 16
w, 1⁰. 2⁰0. 1. 696, 12 1111016666. 641, 16. 616, 2 111611611216, 6
11110 66, 12. 116, 19. 166 19 1111116811, 18 1111112866
1111011111 6, 6 1111 66, 6. 41614. 4168 1116116611. 238, 11. 6266
111101 2619. 668. 68, 6. 111111 111 166. 2666. 6661111111217, 16
46,8 11 611611146619
11110111 6667 11111, adju. 676, 6. 426161111111111116666
1111110 6461 466, 6. 621, 16. 676, 6. 6861111111 666, 4. 646, 6. 068
1111111111 1668 16 4167. 4161. 467,
11111111... 11111 ,111111
11111111 W, 11. 666, 64669 11111111 691, 14 111116141116264,
1116116168 1111166616. 661, 16 16. 6466. 1,
1111116666. 69616. 6164 1111111111466,19 4261. 466, .
ventri· 4669 111111,1.1.111101276,8. 466, 1. 6662.
111111166, 6. 6861 1 68611
ventum 111646, 2. 461, 4. 496, 11111261, 11. 681, 11 111111218, 16
6 111111 nm ⁷ 111111142616
11111116266 1110 467, 6. 661. 4. 689, 11 11111111 6669
111111111 646, 6 1116686, 12. 688, 18 11111111 461, 14
= 111611166614. &A 11101666 vescere 4966
11110111 446, 11 verris, 0116. 427,11 11111111 4966
Venus 12, 19. 66, 11. 46, 4. 1111111011212, 16 111114662
461. 66, 4. 16, 6. 77. 6. verritur 62 1111111161
1964. 111,11. 17617. 184,11111111844,18 1111014667
4. 161, 8. 261, 16. 216161111116611 1111116866
2261. 4867. 626, 4. 666, 1111111676, 7 mpero 116, 6. 198, 8
16 1111111 112, 6 1111111111 661, 14
11111, 1. e. 111111111υά0, 2661111116666. 466, 18 vespertinum 6764
1⁰ 1111111 666, 1. 67616611 vespertinum& 45,ss 8.
Venusina 67 ,6 11111111 68, 16 8
Venusinus 61616 111111111666, 16 11111116, 12. 166, 4. m
4616414161 6116114ιῖ4141 1654111111
1111 166, 6. 669, 4. 626, 8.111111111469,8. 66611. 64611111 81, 1. 662, 2. 6666
62611 11. 64616. 6666. 668, 6, me. 4668
1111011696, 16 17. 678, 7. 681 , 12 vestes 441, 11. 669, 11
1111114761. 667, 21 1111111111668,8 1111111 46. 7. 666, 1. 6766
vom 68614 1111111101286,2. 6966. 6666 4266. 67616
11111 666, 2 'min 466 vester 16616611. 4ω,4
1111112668. M. ⁰. 2466.11110217,19 11111611 2466
6664. 6468. 6661. 667, 1111116666. 6964. 697, 14. vestigia 466, 4. 47611. Ε,
12. 1161. 46616. 471, 4. 446, 16 8 6468. 666, 61. 6861
412, 4. 481, 1. 488, 16. 612, 1111111 662, 6. 666, 6. 648, 16 1111111111116, 6. 626, 16
11. 6166. 62612. 6666111111, ι’. 1. 11111111 668, 4. vestiret 62626
686, w. 666616. 67616 66611, 8. 661, 17. 686. 611111142618. 4666. 6668
1116111111 641, 16 687, 2. 686, 8. 696, 6. 696, 1111116666
111111 1111114261 6. 6161, 4, 6. 41616. 5³9. 11161111661
111111 1101111 1010 666, 14 4. 641, 16. 642, 2. 666, 16 111111 66,16
11161111466 66617. 677, 11. 676, 2. 689, 111111 626, 1. 679, 12
11161111669,11 19. 661, 16 1111111166, 16. 6666
1116111184, 6. 64616. 468,11111111111462,6 11111111 616, 6. 466, 17. a
16 111111 fingere 6866 11
11161111111211, 6 111111 inopes 1111111682,18 1111611666, 11
1116111111 146, 1 111111 1111111 58⁰, 26. (11101,11111)0166,7
1116111216, 16 16111. , 1111116116, 11
verberes 288, 1 111111 1111111111 669, 11 11111111 664, 16
1111114167 111111 6966 11111 4664
1111111862. 2168. 26616111111111111111 6669 11111 16, 16. 16, 6. ms

866, 4. 66612. 866, 6. 688, 1111112119, 19. 2167 2114, 6 ms. 6168. W

 

