VOCABULORUM OMNIUM. 679

1111111111 418 17. 488, ,8111111111881811 11481818. 84818. 848, 8.
111111 ,

1111111111811, 8 11118111148, 18 11118111 111111 841, 18. 888,

111111811418, 81 11111111 881, 4 18 .

8914848414 ,8844118111 3181 1115317

11111888, 8 1111111111818, 18 111181111814,8

111111188818 8111111 81,18 111181 8888

upon: 148, 8. 488, 18 81111111 848,8 1111811111841,18

11111114888 1111111111418, 1. fflss turibium, 18

81111111 188, 1. 888, 18 111111147814 11111111 488, 18

1111111887, 8 11111111 84,1. 88, 4. 888,14.111181111888,8

11111118, 8 488, 18. 481,4 1111818884

8118111178411111111178888 1111811111 §m

8111111888, 8 11111111181,1 11111111 888, 8. 841, 18

8118188818 111111111188,18 11111111οᾶ888

8111111848, 8 11111111 888, 1 1181μωῦ86 Β

8111118888, 88 1111111111188, 18 11111111111818

ameum, 1 111111811. 18,4.188,8.1111111111818,8

11111488, 8 8888 48814 11111111 888 8

11114818 1111148811. 84818 11881,7..,.8844.8818

11111111 188, 17. 471, 7 111114881887818 ,1.488,18.888,18.

1111111111 lm 11 1111111 848, 1. 874, w. 878 8 888, 8. 884, 8

11811188 111111874, 18 1111818488

1111118881 1111111111 88814 111111111111111111111874, 4

111118,4.88,8.1Ή,.8188,1111811187,8 111111,,18884.8878878,1.8

8. 188,18.188,8. 818881111118818. 178,8. 17818 8788. 87818. 88814

888, 4. 888, 8. 8881. 417, 1111111111 881, 8 11111811881, 8

11.111,14.111,.11111,1 81111111111187818 11111111111478 18

478, 8. 8187. 8888411. 1111181188 11111111111888, ,8. 8488848,

881, 18 1811111187, 4. 18881788. l
11818 111 ..11 ’11115
1181111188, 8. 188,.8111,14471441118488,1.11ήὲ11111144’8,.1818,8.884,

18888,.’,.’,Ῐ8888888818 818,8.’,.’,888188814 1

8881. 884,.18481,8.488,1111111181, 8. 88811. 878111111111118887

4. 4884. 881, 81. 887, 18. 18 1111111488, 18

888,.8 888, 18 1111811488 11111181111881, 4
11111141111887,8 1111111111 887, 18 11111111 1111111ς1111481, 1
1111118888. 484,8 8111118148848 1111 11888
8111111111878,18 811111111111887, 18 1118111811
8111111118111418,4 1111187, 8. 888, 8. 888, 8488, 11111148811. 818, 18
sumi 1187 1818. 481, 8. 888, 8. 888, 1111111888, 8. 878, 18. 488, 8.
81111111111111111844, 8 8. 848, 8. 8888 8884
8111111 88, 8. 188 4 1111118114, l 11111111 887, 18
111111, v. 111111 1111 884, 8. 888, 8. 888, 18. 11111111118888
8111111117 44818. 1811 81848188.8888888811111114888

87818 8. 888, 8. 881, 8 1111111818 8
Satyrorum 141 1. 877, 18 11118481881818. 8881811181184818
811111187888 8781888818. 888, 11 81111111 878, 8
81111111 887, 8 111111148814 1111811881
1111111188,8.188,18 1111814488 11 1118118887
1111488.181,1.818,18.8111111818,8 81111111 8881788. 8888.
818,]8.884,7.478,18.1111111441,8 811, 18

81181. 8181418884 11111111117418 8111811488
11111181, 8187, 8. Ἀθ, 8.111111111111,8 Sey 18118888

881818. 4888 81111111188, 8 81]1111111818.888,18
mo 488, 7. 844, 1. 888, 8111111111447,8 81] 11111111 1888

881818. 41188 > 1111118841 118,18.188,18.18818.188
1111111888,11.418,8 11111111118,8 8. 8481. 888, 1. 888, 88,
11181111884,8 1111818118, 11. 4481 84. 888818. 8887. 888,
1111111111 8888 1111818888. 481, 7. 487, 18 18
111811188818. 8887 11118111, 1111888888. 8787 1111888Ιί. 88818 8
1118111111 4888 11118111448,7 111111148818
{om 8188 1111811 888, 8 11111111 188, 18
{omn 888, 18 111181417, 11. 488, 11 11111818881
1111118888 scribendi 888, 18, 41. 88814. 11111111818, 8
1111111878Λ4 887,.,.,884188888 11111888,8
Ι1111111114888 11118111 888, 8 1111188818
mmm, 8 Ι1111811111111841,8 mernere 847, 7. 8888
111111118781 11118111Ἧ8,8.888,14.888,.8 1111111187881 ·
11181111148,8 881,8.887,8.488,8.4848’,111111111887

 

