VOCABULORUM OMNIUM. 658

1108101181 0011101181,1.181,28 128, 21. 401010. 488,
0081011581. 411,11.188,4 0011110215. 11 Ι18. 4111, 1
0081001581 5881 0011101811.281,16.181,11.1001Ἰ100541,1
1008110518, 16 184, 1.188, 8 0011100181, 1. 111,8. 111, 14
1108101111. 1182. 118,1.0101111011001010048112 001100108100188,1
188,4.141,14.118,8.00111111288,8 00180000 5181
1881 001880048811 0018000018 2
010810 01110 114, 8 mollium 118, '12 10018101 218, 11
00801111. 1182. 218, 1. 221, 0011100 181, 5. 1884. 1880018001588
11. 1188. 418,]1. 118, 1, 11 mordent 515, 21
12.481,8.114,12 110100010455,118 0018004528 .
11080 1010 118, 18 1110100000 281, 4 mordeor 288, 12
0080, adv. 181,5. 21218. 281, monent· 588, 18 mordet 128
15,18. 28812, 18. 324, 18, 00000110481,5 00181000 118, 15
11. 1122 118, 18. 148, 1,8. 10000010 1212 01010 10010 111, 8
141,2,1.118.1.182,1.188,001110180111488,2 10010281. 118,8.227,17,
5,8.411,1.458,1,1.148,8,Μο00100168,1 161,11.188,.1 421, 5 408,
110. 181, 8. 518, 14 0100044828 1. 515, 6
0080100 241,1 0011000525, 11 0010101000141,1
001100 881. 81, 4. 118, 18.00110180584,4 morem 821. 84,1. 22818.
182, 1. 222, 8. 2528. 151,1.100110080048218 118, 18 488, 1. 511, 18
482, 8. 528 14. 551, 21 0011014881 114, 14. 2422, 00101124, 8. 181, 18. 1184
008οΙ0080 55818 128, 8 110101108812
00801010 14,8 011100100011011000111 0101001648 121,.5 215, 15
1108οΙ0101118,4 0001101512, 1 118, 18. 348, 2 457,8 847,
1100011410. 18 00011011100158,8. 111, 11 12. 418, 4. 1281. 1188.
11080110 14822 000110110525, 11 112, 1. 111, 8
nodulo 181, 18 10001100 4811. 482, 18. 584, 0010101882
0080048,1.188,1.118,18. 15 0011 151,.1 1122 11811,
40004101.010000101110100.110100 2 15100 5. 100. 0. 101, 0.
nodus 51, 8. 5811. 154,5.10011011000518.5.188,11 211,.8 245, 8
1185. 44812 ’ monstraret 484, 1 10011 pro 011111 80100 018000-
01001100158,8 monstrnt 488, 18 1010001151, 1
1110010101 1151 0000111111011100155110 1001111121, 0. 5181
00001110 1114 0011011011 5584 moribus 141,18. 281,5. 514,
00001100588 00001010018811 11. 5182
00001100 158, 2. 418,.11 458, 0100010001 411112 00110001481,18
78 monsmvit 251, 14 555, 2 0000004218 51811
11ωηί0 15, 1. 45, 5, lm, 12. 00011014485 001101011281
285, 12. 455, 2 1110001110 1814 1001104188
0001111101 158 11. 182, 6 0000101211, 2 110111110οΜ
11010510 2884 0000110088, 8. 215, 18 0011100065, 4
0007011107 161,8 000101215,8.188,11. 1181 0010111418.215,1.158,11.
00001101881 0001008,1.111,11.181,18.11281184
000100018116 44811. 5141 0101000248
1101011885. 188,5 000100 0011011001110. 112 2 0101000111 441 11
100001018828 montibus 18,.5 ω,12.288,1.10010 11,8.111,1.111,8.
1110011081, 4 1884511811 214,18.124,2.118,1.188,
1000100111, 1. 58811 0011110 018 1114888118 1
1110010081, 5 255, 9 montium 112, 1. 282, 4. 218, 00100518, 8
10104252 14 0011004481
1010118213. 518,1 monuero 1884 0011010881. 2181
1010102181 0100000010 811 0000100451, 18
1011101185 0000000100221,4. 1181 001101001811 18818. 454,
1010010418, 11 0010 88, 8. 18811. 581, 8 18
10101101185 moraberis 51Ι,5 0011080581,11
1010011115, 18 1001081101· 411, 2. 514, 11 0001111100 122 181, 14
01001010 1121 morabor 144,1 000111102181. 2881. 5881
0100100144 8. 481,11 0010121811 0001100288, 2
0111111581 0010101288 0011081,1.111,18.181,8.
0111001488 0010001288, 12 21811. 111, 2
0110100 55511 0008005181 1001100188,11.214,8. 1188
01100001805818 0010010018,1.188,8188,1 11011100,4 1285. 251, 8.
0111011112, 1 00110101 411, 11. 4818 411, 8. 1888
0110181, 84181 1111111101,0.400,11.500,0 morti 8081142811
01100 88, 6. 264, 8. 444, 8. 0010102861. 5121 0011160οΜ82
188, 1 00012518 1001110 1811. 281, 1. 11818.
0111 18, 8. 111,] 1001010582. 15 418, 5. 58818. 181, 12
0111011581 10010101 588, 11. 18211 1001100441, 14
01111111 2888 * 0101818811. 115, 8. 418,6.0011000188,1
0111100118, 1. 211, 8. 2181. 412, 5. 488, 11 0101010 581, 11
2884 morbo 81, 8. 188, 8. 4181801οο 212, 18. 2181. m. 11.

 

