VOCABULORUM OMNIUM 669

6666116166, 99 1616661168,18.198,18.999,.711616661ιῆ),18
1166611868. 996,,.18.9986 699,8 1666616996,5.116,9
97616. 98616. 819, 6161661668665618 111666166916,8

619,15 1616611111116 16666166165, 1

66661 sandi· 661, 6 principibus 696 5 processerit 676 17
666616167615 1616611116966, 9 16661117, 5

1166166166, 11. 66 7 mlo 11116611116611661. 1661. 666116 1661611 9899 869, 6
161, 1 16166111616,669 95616 1116616166, 6. 118, 8
66661166 71,1. Μ,9,611. 1161 919 19. 611, 6. 8666166666119667
97669761 16651671166181661666611771966185611.
6661661965, 16 96. 5861 87661567. 191,.8 666, 8.
munim) 16161616111,7.598,16 66616. 66619

tremet 666. 16. 6866 priores 111 , 16. 198, 8. 916, 6. Proculeius 95, 9

66166161 6669 66617 1116661616 1667
66616666 115, 9 priori 199, 1. 197, 16 procurrerit 266,l
66166161 159, 9 prisco 176, 17. 966, 9. 619, 7. procurrunt 876, 9
6616611611. 596, 98 868, 16 1661166918, 19

»remit 919, 6. 967, 7. 169, 1.1616616676,19 prodent 167, 16

171, 19. 566, 19. 6761 1611616161 prodentem 418, 6

6616661 187, 1. 18616 161661 Ceionio 266, 16 proderit 665, 9
666166161616, 16 1161611668, 16 111666666518,19. 688, 11
6661616 865, 18 1611666816. 59619 1116616166, 9. 888, 19. 171, 16
666161 1869 priorum 998,1 1666166111616,16
6616118616. 91619. mm. 111166181618 1116613117, 7

999, 9. 116, 9 111661 168, 6 11166131611161566, 16
66611699, 9 1111161769 prodigum 89, l
6611616168.15 1611616866 prodigo· 881, 8. 196, 8. 191,
66161166615,96 16116161169,11 16. 519, 16. 6868. 571,1
6611111666 161161116116571,1 prodire 179, 9

6661689 8 16116611869 668, 18. 667 ,6160616116 5 166, 96
ireseum 968 19 161161686616 1606116191 9
66661966 8861 66616.6111611166171,11.146,6,16666666661

569, 8. 666, 19 1111161166, l producent 9699
1666611698 15 privignum 8 166666616667, 5
6666666171, 11 1611116611816 productior 676 1
6611661196,16.9)8,9.911,11116611,16. 8611. 8619166666611155696
6.6818.886,.,.,81166616 16866616,.996,1.166661116166861,8

8. 69619. 596, l. 6668. 16661111616616. 97611666661918

6166. 669,6.661,11 8868, 7. 865, 15. 6767 16116111 1717
’timiam 166,8,17.989,16166,16.666176,Ιὶ 1110116ίεῦ1615. 681,6
6191,19.671,16 1611111169 .686, 9 611, 11. 166166616116, 1
’1111161666 675, 19 666111. 68611 6016137961
’1166166968 191, 19 1611616118, 7 1161661669, 11
91116967, 18 16617611, 15. 1966. 991,1.16616616589,11

’11111616 8761 9161. 91611. 881,9.11,101616166616
6166611665. 67616 8116 proferet 16, 9. 188, 19. 656,
16611767 8966.169,1611161116161661·166166616666- 17
1161915618. 189, 9. rom 6111517 proferrepedom 6718
166,5.189,96.699,17.166,1.6. 1666196,1.196,7.166161116671,6

667, 7 157, 1 1116166111 1611166661, 11
11166 noete, ie. 66616 inuento pro, i. 6. recondam 689, 6 166161161699,9
1767161666661616611619819 profereus 11166616 turget 666,
rime 6666199, 6 1116611576 19 18

rimie 9166 1666686616 16076111 111, 7

rimam boram 516, 7 1666661996, 16 166166ιί6961, 18. 191, 19
rime 66661166 166, 6 probante 7, 9 166866161616,6

rimie 186, 7. 971, 9. 6161. 1661166161 176, 6 1665616616658, 6
8561168916 1661166868, 11 16666166661616667, 1
rimo 678, 1 probet 651, 8. 676, 16 16οῆ6116666 659, 8

11166 rere 178,5 prober 6168 166661661967, 6
timores 1669 probet 899 6 8961 profore 198 8
116616656617 1661166816, 18 867, 16 1667611667

11666968, 9. 686, 16. 156, 9 166616616166, 16 1661611 it, 268, 6

1116616 869,1. 568, 19 ριο111611,11.666,7 1661616695816
11616111,666616. 71, 8. 191,9.16666666158,7 profundam& 985,19
1767.116,6.176,7.198,16666ι91,1 profundumm

12. 666, 7. 668, 16. 5,6516. 166666616881, 8. 8667 166116661661968, 19
566, 8. 669, 16 16666616998, 18 progeniem 178 8. 989, 8
rimor 16, 8. 981, 8. 917, 9. 1666666168, 6 166166166917,9.198,1
9169 671,11.166,8.116,1666611161199 916, 18. 565, 1661111666871, 6
1818611. 196,.6 699, 16. 11 prognatorum&

571, 8. 578, 16 166661116116,1 progoeiorioed

 

