VOCABULORUM OMNIUM. 467

14441οΗ1818888ομ1144114441414484 molo 48144414.
819988441οἫ4841484441118784 444,18.447,10,18

1. 441, 18. 491, 4. 481, 18. porregere 1988 444114444487, 18

488, 18 4411141414 4909 possidentem 8488

mere, 1. 4414114418844, 8. 44111441 18810 4444114844, 18. 471, 8. 418, 14
4488 porrigine 481, 1 4441141888. 4988
1411114ομ8 491, 4 114111ςί4489, 19 poesie 808, 10. 888, 4. 887, 7.
1414188819411818 44114844 4 489 8 4984. 8888. 419, 9. 4184. 481,
1414141844, 14. 48811 417, 4 18 449, 14. 411, 18. 478 4.
1411484. 44814 4411441404 8 414, 18. 417 9

14411144 4888 4114448981 4441111488. 881,7.881,4.
mit 141, 18. 848, 8. 481,18.44114814,14 848. 4 840. 14. 874, 4 88,
444, 8. 4484 4114444 8788 4. 884, 9. 478, 9. 478, 1.
»411114447818 441144144878, 11 49810. 40811. 49819.
141114494810, 18 4411414111, 8. 178, 7. 844, 4. 48818

144447810. 41818 871, 4. 878 7 4444411894, l, 8. 84814. 879,

...1. 141,] ...4111 411 14 11. 1144. 441, 4. 111, 4’ ’

4414440811 441144144,14.191,.4 84819 44811. 44811. 49819.

1411118488 4411414884 418, 8 447 8

14111144 87,1 portetur 447,1 4444414111 844, 4

14111144 888, 8. 894, 11 ponente 484, 8. 449, 88 4444411474, 4. 4881

1441144414 188 8. 898, 18441141114111488 444111,1881,18 40,4. 44,

6989 4411444117, 18 8149, 18. 178, 9. 118, 6.

1411148810. 8888 4111141417, 18. 4197 891, 8. 844 9 8488. 849,

14111414 818, 14 4411141444 414 8 18 870 1818.

41114111, 16 portione 180, 8. 847, 8. 414, 4441, 1. e. 44414488ομ4 844,.7

1414118481 9 48814 844,.1 4484. 4781

1144114494, 19 441114 474 14 4441 4411148114, 14

1141144411, 14 4411148889 444114449810. 448, 8

4411144488 4411411888 4441444884, 7. 444, 1. 444,

1141114118881, 11 1111111111, ‘1⁸⁴ae ¹ 4411 1411511111414444 411, 9

repnte 441, 8 44414117.181,11 444114 memma

1441111441 141 19 44144114180, 14. 48814 postorum 4114182811

1444444114894, 14 pomaretum, 19 4441441114 8188888489,

»polatensem 44441814488 18. 4888

1444141444 1881 4444414441, 4. 444, 9 postem 479 4

1441114114 148 1 44444441 117, 8 4441414888, 1. 841, 8. 86818.

14441414 1481 441441 479, 8 48810

rapulam. 8 4441141497, 8. 449,. 4441411140, 8. 884, 4

11 14 ·.. ¹² ⁴⁰⁰ ..... ...111191
4144,.,881448,8144,44444448,4.4188 444144898884819
.,’1141444111.111,1.44411114,1.141,11.141,1.1 4444448487. 8881. 41914. ⁴

419,8491,7.419,4414,441,.,8444814488148810

14. 474, 88 4444448811441, 18 roraham, 8, 414

1444141441 m, 4. 477, 7 4444,11111444 9 4441111114 140, 8. 840, 4

1444144414, 18 4444148887 4441144487, 1

114,11ω arm, 967, 9 positu. 189, 8. 4884 4414444448, 4. 440 8

6.⁶.{¹⁰.⁸.·.⁸;;.¹.⁷⁰.=.31- .. . ...1191111

4. 418,4.414,10. 4484. 4144111188 8084. 848,

666, 9. 68917 4411044141411414441114111881, 9. 874, 9. 871, 8. 4189 9,

*8888 11118..11.141 111, 111118 ¹¹ ¹¹¹·

19, 616, 4,11) 694, 10, 641, poeno 444114 4444 postremo 4188

7. 679, ’6. 676, 4 4441141441 'm 1441114 404, 14 postremus 499, 4

164916. Rom m, 7 4441144 8188 4411111441 104, 8

apum, arbor, 97, 9, 668, 26 positum 194, 8. 4884. 844, 444411181818, 84819

1616746987 4441111144· 198, 8 potuere 41818

961676. 499, 11 poeitae 174, 18 4444148811

»orco 1947 414, 19 4488 9011169,11. 898,

8. 874, 84414144784. 147, 8. 1988
»414414418148818 894,.,44771.,.94488

444, 4444441818, 8
?0rphy1100102,2 7.,.4884788,.19,48917 4441111181, 1. 8888
1666679977,9,,,9794,Έ9 44,.1441118447891,9.4 4,49174414844,4

99 4669, 696, 79 ponent 148, 4. ,8 448, 44141114 40,8
411441484810 84. 4481941188 4414444118, 1

›eneetrm 17810. 494,7.,44444484619.481,1 4411111441 441, 17

495, s 4414444111 479 88 44114114 491 11

»arrectus 8184 44814.494,444441888,1.814,19.87819441414411,14. 18818169,
18.,4418 149,,488418.447,14.491, 144818

 

