VOCABULORUM OMNIUM. 676

11114ῦ,11,16,11’1. 6661 111111,’ 1. “ 11131, 4η, 1964. Mu. 414, 7. 4761
1111116Ὴ. ml. 1669 18. m. ἢῆ 16 477, 7. 6666. 6161
111111116611 refertur 6166. 674,16 64616. 6661. 667, 11
111111161616 referunt 16611. 6466 111,1.11111169,9
1111111167 1161114461 rei. 1 ree 161, 4. w, 11
111111111Μ,1 1161111, 6. 617, 1. 6464 1111111146, 6

1111111666 1111116611 113111141616

1111 616, 16. 469,16. 616, 1111111616Ἇ 1611111761. 144, 16

1666 11111661 1111664. 1164

lurum 661 reformido 46611 1111161611

lem 4166 1111111111 61614 relabor 471,6

leun 11111111 niue, 111. refregit 161, 16 1111111 161, 11

1461 111111311166,6 relegite 1661

leuel Ἠ, 1. 161,1 1111311111 666 11113111661

1111611 111 ’16,1. 166, 9. 6661 1111314761 ·
mummulo {lul-llll* {llll ili? 11111. 1111. 4
613113146166411 1113111646, 11. 661, 16 497, 11

bu ,7. 176,1. 1769 regule· 147, 7. 66411 11111111 94, 1. 166, 1. 161, 6.
11111 166, 16. 141, 9. m, 11316111, 6. 6766 116,11. 6666

1 113111147617 1111111166

1111111768 11311 9, 6. 67611 11111111 761

1111111 1661 1131,1ο111111,61,6. 1661. 176, relietum 1167

11167 4. 16611. 146, 6. 61611 turgentum

1111111661. 176, 17 11131,ρ11311.176,6. 17611 religer 14,6

lere· 11 1611111... :lg-,liri ,
11114611 1131111 176, 17 relegio 1667
11...
114667 16. 47611. 661, 6. iffi, 11 relinquendi· 161, 11

11 176, 17. 11614. 1466. 11311161 1111131111464, 14

1961. 666, 16. 6667 1131, 11111111. 6466 111131111116,6
111111166616 1131,1116.661,6 relinquere 461, 1. 6761

111 ma 11311 6661 relinqueret mu

111111 116, 6. 16616. 476, 11311 Rome 46616 111113111491,7

1461, 11. 6766 1131811164 relinqui 611,6. 666, 11
1111114161 1131111161, 11. 1161 111113111111,11.1ω,9.671,1
rtur 166, 8. m, 7. 6166 regibus 1, l. 69, 4. 116, 11. relinquunt 1161

uuebu 166, 16 416, 6 616, 14. 616,] 1111311111411, 1

mavit 1661 ’ 76, 6. 66, 6. 166, 6. reliqui 6661

1111111467 11, 4. 116,1. 4666 1163111166. 161, 16. 646, 16
11111191, 11. 4167 11311 161, 14. 6161 1111161111111,1
,1166166 · regione 461, 11 reru 161. 111, 1. 111, 1. 111,
11111161. m. 16. 6466 regie, eum. 6, 11. 176,1 7. 11614. 11611146, 11.
111111, 6. 1666 regie 13111667, 11 161, 7, 16. 156, 1. 164. 7.
1111116169 11311,1111.76,6.177,16 416, 4. 4146. 4461. 469,
1111111669 ’1161,6.176,6.166,4.174, 11. 474, 1, lis, 1. 617, 16.
1111166611 .616,6. 61616 646, 6. 6667

rr 161, 4. 461, 7. 467, 1611311111666 rem, ie. materiem 661, 67
161 1131111664. 11616. 6667 1111 euge 4664
11111111,1.474,11 em, 16. 141,6.161,6.11111711111474,1

11114466 7,17.161,6. 66611 rem 1111311111497,14

rm, 11131111. 116, 11 regne viui 11, 11 rem geret 496, 16

11111667 regenatorum rem mule gerere 1164

'rende 4661 11311111 1661 rem 1111111666 19
1111336166 11311111666. 1161 rem tuem, ⁶1⁶3 llrgue tue 6667
111111 l re 11111, 1. 111 rem 1111111 ,

1111111116, 14. 141,6 1111111111, remanete 61, 6

11111111 171,1 1131111166. 966 remeare 1761

11111111 1161 1131114766 1111111666

ere 171, 6 reguo, 11111. 111, 4. 167, 11 1111131166 14

erre, ‘ lreur', 166, 1. 11311,1111.666,1 remiges 1669

1161 με.. 1009«, m, re. '⁶ 1111111ιῖ1.111111161631111611111

167 6 6. 471, 17 renue 66, 6. 66611

mit 1111 ..31111111 remim 1111 Α
erri 616, 6 Reguli 1666 1161111446, 9
34911111. με... rnefflil‘lsflfflo, 1. no, 11. 1111511θὲ11
111, 1. 111, 11. 1111. rur, 11, 11. 11111111. 11111131οῇ11
1111111 1. 1111 111, 1. 111,ι1ωωιιωιιτ,1

1111

 

