VOCABULORUM OMNIUM. 609

1111711601. 177, 6. 260011111117171167011 111111111167018
876, 7. 788, 27707. 626,111111171111201,10 11111127,1.108,7.761,8
1. 678, 2 67012. 601, 7 1111111116006 81117611 207
606,Ιο mpetum 161, 7 Δ1111711777, 11
1111111 02, 1 1111117707, 6, 11 Atreus 676, 1
1111872,17.770,11.767,12 1117116106. 606, 20. 676, 6111117602
1.,..1111 111, 11 11111111
07777.. 81777.οῙ 777777 1.
1761117660, 11 111ίοί111001 0117111100, 0
117111 06, 0 aspiciat 617, 0 Atridis 727, 6
1711172012 11111117 186, 0. 2008 11111160, 0. 2706. 80010.
1711177007 11ρί1116702 702, 0. 620, 7. 62017. 6001
1111117700, 0. 601, 10 71111117007 11111111 160, 7
1111171111 211,6 111111111711802,7 1110281, 17 807, 0
1011711600 111111 826, 7. 617, 7. 662,16.17111111 02,6
ww? 111, 1. 111 affigo? 111, 11 ἷῖἐξδεῖῗῖ 17711 11. 111, 1.
1111 , ,
11117801, 7 111161172012 Atto 6800
1711107, 0 11116117 820, 0 1111111060, 10
1117117716 · 11176111001. 2001 7711171806
1770002776 867, 6 670 1111617706, 78 ,771171111076006
16 11116111 206, 18 attamen 807 , 0
11 80, 7. 168, 10. 011, 10 1111111117 688 0 1171111111 807, 12
117,7’.112,1.111,1.11’1,1.11111117111101 11711711 662. 12
66617. 601, 11.111,11.11111111ω11111111111118 1111117 6608
600, 7 1111111 878, 6 1771111111 677, 6
711111,1.111.1.111,71 1111171701 17711711767, 7. 7006
1ω1111111117802 11111117 710 16 1011111701
11111111112111111,17 1111171117772, 11 ateramum
111276, 7. 26010. 871, 6.1111ἰ111666,2 Atti 802, 2. 670,Ιο
666. 7. 700, 6. 687, 6. 677, 1111111706, 17 7111117607
7 677, 11 111111111870,8 1117111101
11661,17.676,12 ,111111111017 attigit 167,1
7161177017660, 2 11111111 160 6 17611177006
1711111767, 1 Assy 1711670 0. 1101111690
01606 7 870 6 776, 0117206, 6.877, 6. 7706 1117111203,18.277.7
667, 7. 670, 7 11717878 0 17611116207
11117227, 6. 277, 7. 266, 8 6111171178, 7 1171111111,1.16111111
71611171, 1 11111 202, 8. 217, 7. 227, 0. 177111111621, 18
1118101 8001076017 171111111107,0
11166,0.166,10.200,18,11117801,2 1111111270, 15
¹⁴· . ..1111111111 ...11. 11111. 1111
1171111111176,7 · 1111111660.Ιῖ
’ 3010711ξό171 11 770717777718’12’583’2
..11111131 ’ umnam 11111. 11111
astutum 877, 6 11111 00, 21. 618, 7. 6607
11111606.210,1.706, 10 1171111778,Ῑο 11111111 820, 2. 6708
11 1117117111 1111111180, 0. 26016. 720, 7.
1777611288, 10 Α7161111867,11 · 7201016 700, 7. 617, 8.
1117111111, 11 1111111111, 1 1111111111
17116707 1111111, 1 1111111727, 8. 601, 1
1111111, 11. 111, 1 .1..117,1.111,1.111 11. ...11111111
0111111111 1111111802, 10 6602 11171107606. 167
111876, 12. 701, 0 ,1761111 6607 0. 807, 11. 706, 0.
1118707 6161111667, 22 66018. 6606
7616000 Α161111827,11.766,0. 6706 1117111111760,8
,11111 87017 176111111111 67018 111711116018. 10011
71160, 7. 767, 7. 678, 16. Α7111111170,0 1117111111 86016
767 l ,1011111111 78, 8 1111111067, 10
>m 17, 0. 6012. 770, 6. 711111712018 1111111111 6706
766 7. 666, 28 171111,1111117111117117171111171 116111110018. 2200. 826,
11111700 atque, 11. 11111206, 6. 872, 0. 10
,01111100 761,1 1111111118,10.80,10162,7.
>erutorum 1111116012. 1600111661 217,1.807,10.728,1. 777.
,1111111 17110017 6. 66016 677, 17
70 11 ¹² ²2⁰ 1110111.
11112766. 2700 1711611711111111111111006 11171617 617, 18. 666, 12
117111622, 6 11111 66, 7. 2600 1161101667,10

111·

,6860
77001.

 

