111 INDEX

1111111111.Βο,0 1111111011. 1111 [nomn 11
funeri 1810 rutum 011, 11. 07111 gemellum 18, 1
funeribus 810 3111110111
1111111111 ¹ '
111ξῗ11311012111810091 30 ι
fungus 1117 (1111111018. 1111. 111, 11 gemmam. 11
1111011111, 11 (1111111110 311111117110
1111111111, 1. 0111 etde· 1011 1111111111018
11111 1811 0111111018 geminus 001, 1
11111 81, 7. 110. 1. 181, 18. (1111111011, 1 3111111118
111, 10. 1117 1111111111 8111111117
111 11111. 110, 1. 180, 10. 1111111 gamm 00118. 1111
11111 em 1110 1111111117. 4&ss
11111 11110. 10118 deni 1018 genu 0111
1 11111 1111 (111Ιί mb 11, 0. zm
11111 111, 10 11 1111111 1011 msa}
111111117.101,11 11Ιὶ10111 1111108110. 11111110
11111111 111. 1011 (1111111011 1111111111
111111 110, 10 (11111111 10111 1111111110, 11
1111111111. 0811. 1110 (1111111111111511 gwere 1117
111111011. 1111. 1711 gollim 1011. 1111 1111111110
suria 118 cums 1111 generosa 1111
111111118111 (1111111 1011 mmmmm!
1111111 101, 11 (111111 107, 7
1111111111 cmmode 0118
11111111811 (1111111110
furibundus 100, 11 01111111 117 ,10 ge
1111111011 011111111011 11111111111111 17110
furiis 101, 10 gno 111, 1 1111111111. 1111
111111111111111 1111111011 taibani-orm!
1111111 101, 0 summ 18111 goni· 0117
furio-iu· 1111 1111111110 1111111111θο,1
furiosus 101, 0. 111, 10 11111111 11110. 181, 11. 111, auiti· 0111, 11
ruris. 1111. 1111. 111, 1 17. 101, 11 3111111111. 1111
1111110, 11. 01110. 101, 11 gude 00111. 1817 genitricem 1018
1111111111 guum ω, 1. 11111. 101, genium 1011. 101, 0. 1111
1111111011 10. 18111 11111111111711
1111111110 1111111187,0.1Β,11 1111011111110. Μ
1111111010 [11111111111118 genu 1111111110
1111101111. 07111. 08111. gundunien 1, 1. 11111. a, gente m, 10. 111, 12 ⁴²11
181, 11. 1118 10 31111111. 818. 1αο
1111111011, 0 tundente· 0111. 1017 genti 18, 10. 111, 1. 1111
summ 81. 11 11111111111, 10 11111111111. 1111
1111111111, 1 gaudere 111, 10. 107, 11. Am, gentis 111. ὓ, 8. 1111
11111117, 11. 1111 10 1111ιο011
funin, 11, 1. 101 1. 181, 1. gundo· 11, 1. 0111. 111, 7. gennit 1117. 1111
1111. 1111. 111, 1⁹ 111, 11. ‚ 1111 111111.. muium
11111111110111 , ,1. 1110. ⁴2⁰,ss
11101111111 , , -8OE, · μ 111111111.ι
1111111 107, 11 . ,10. 1 ,
1110111180, 11
11111 010. 107 , 1
funum 11111. 1111
sum 100, 10
111111 1710 3111111111, 11
raso· 111 mn 1110 ,
1111111100,ῑο 11111110 1111111111
ramus 881, 11. 101, 0 gui· 110 1111111111. 10111. ⁵2¹
111111, adj. 1111 3111111111, 0. 110, 7. dm, 11. 1111111114
11111111111111111 1111 primm
1111111 1110 gelida 11, 1 ’ loe, 1. ml
11111 118, 8. 11110. 10111 gelidam 11101 ¹ 011, 0. md
111111 171, 7 1111111718 ’
11111111 1111 1111111111. 110
11111 1110 11111111 1818
1111110811. 111, 1 guidon 1. 1. 1118
fatuo 1110 1111111, 1
111111 111, 1 oni 1111
futurum 018 81111111111. 1118
futuri 010,1. 101, 11. 111, 1. 111101, 1
1110. 171, 11 1111111111

 

