008 INDEX

1000011111ω,10 1111061011 wiern 81086011
100010 84,8 11114868. 681,8 11001111111,18
1000101108,18 1111 108, 6. 878,11. m, 18 1111111111 118,8
1000108880 111101180 1111008088
100οά014688 1111118868 wdecim
1000111110 48,8 111110 188, 4. &A 11001168, 8. Μ
00110111 ml, 10 miram 48, 8. 601 , 18 ardun eerrix 881,8
1111111Ἑί11 10, 10 311114141ὶῖ 1 3118818111 101011
1000111760 1110101 1111101011 110001 160, 18
1031110168, 18 1161101003011100,8 1110011188. 1486
Appulus 106,8. 108, 6. mi 1161110000 10810101877,0 cutm· ⁶⁰³2?
101101 106, 8 11611111 818, 17 11011 u, 0
aprici 01001678,11 11611110 168, 1. 410,8. 118,7 11111 8,8
101100 870,8. 610,1 arbitrium 1780. 607,18 1101111618
1011001 01,0 abitrum 100,1 1101184700
000012011608018, 18 11001 840810 66, 7. 16018. wi, m 614ὼίιᾶ ,8
0101000 nior· 1101. mro mrem
10101 868, 8. 618, 18 uberem 46, 8. 800, 8 1111101 100,1
101011 lm. 10016. 487, 10. 1160101887,18 1101 m. 16. 617, 10

101,0. 684,18. 666, 10 1160111101 68, 8. 811,10 1131101018
1011188, 18. 101, 11. 601, 11 11110111 1708 113010146017
1011 01111ἑί30 0011 188,18 11001001 187,6. w, 14 1130011 m, 6. ism 1181
10110101 ,8 11001 181,8 481, 17. 4106. mi
101110 188, 8 Arimin 804,11 1130110 01, 6. 1101111111
span· 1101 ubuum mmmmm
1011104108 1160110 87017 6. 617,16. 66011
1011067810 116010 8, 10 81300081300
1011011180 1100101480 1131111 661,18
10οι 511, 10 ιω. 111, 10 1101. 111,11.11ςο111,1.111.1011
1011011806 160,,8 ,1131111018
:mgr 011, 11. 0010 8318111110, 2 1001 maffia
”izi-1⁸22& ⁴⁴⁶'²⁴⁹⁴'¹²3..‘¹?⁸'ir⁰i's²¹²'¹¹ 18811011*

1 oe r r

1000 817, 18 110101 17, 7 1130001 86,8
8000180110 1101011667 1130016008
Apulia 160, 1. 878,1 11010001 811, 4. 6811 113011 w, 10
Apelleum 806,1 1100111440,11 arguitur &5
1001 78, 8. no, 12. 806, 611000110, 1 1130118111, 8

600, 11 110010 4087 113010188,11.8,11
1000 8, 14. 168,11. 181, 411001 106, 8. 164, 1. 867, 8. 1131101 666,8

108, 8. 104, 4. 888, 6. 880, 8880. 8188. 660,18 11301001 6861

0. 808, 1. 800, 10 806, 7.11001 mmm 1130101610, 18

618, 7. 688, 8. 6668 mummi 10011867,18
10011 10010 ’1 448,11 0001104866 Aricini 668, 82
100101 liliJ . 887, 7. 866,1.11001111646,4 uida 65, 6. 117,1

8680. 408, 4 1100111101180, 8 111011 60, 6. 8668 Μ
10011ἰο1886, 10 11001607,10 11111001101687016011
10011 1108. 886,18. 870, 4· 1101111011 481, 11 tridui 808, 18

64817 1101010061 mn, 16 Ariminensem 817,1
1001118488 Archilochum 4118. 6687 1111880
1001111888, 18 ,1100311618 ,1011110611 6001
Aquilo Ὧ1,0. fflfl, 6. 160, 0. 11011 607,8 8111ιί601, 10

100, 8 11011 vite 88, 6 Aristippi 171, 8. 6101
Aquilone 808, 1. 600, 14 11011 0001110186, 16 Aristippum 610, 10
Αο01100101110,0. 118, l· 170, 1101111031 688, 18 11110001111οΑ6 6181
1010118111 3111οῗ5 ι’ ⁵ 111Μῖ11100 ,
0001οι 10011 Arctoam 001 1, 1. 10111001
100... 000100, 11 Arcton 1101 10011 1010110116
1000101110300100,1 1101001 151, 7. 404,1. 671,7 7. 886, 8. 188111 ⁶⁴⁸

mnium 1001 Arcturi 110, 11 111, ⁷. 01111 rw*
111 10101 196, 7 1100 64, 8. 01110. 117, 0. 816, 11
111 011111 rinei· 10100011 860, 10. 810, 0. 847,10. 811,16 armatur 68810

10 110010 110, 6. 102. 8 11011111 668, 7
8116118811. 187,7 11001 681,Ιο 1100001118, 10
81111010 00, 1. 18],11. w. 11001 opponitis foribus 0101001 Armenius 6068

«ima 810, 4 armentu 78, 0. ΕΒ
11101804,4 110010101101686,1 1110001010 1601. Μ
aarum 0001001000 minimatum

 

