010 INDEX

110101 Mb 110111 11, 1 111, 7. 110, 11. 11011011 100, 1. 1011
11010111 0011 000,Ιο liber, 1111101111οω
lamium 11111111 ub«, quamam
1101011011 101, 0 lepido 070, 10 107, l. 10111011. st
110101101017111. 01110 111111101110 10. 0110 07011101
11011101 1011 leporem w, 0. ss, 11. 110, 1. 11011, .11,1. 11111
lectu 110,11.111,7 101, 0 1. l, 10. 1101. m
11111111011101111 1111 110011101111 0011. 0111
luem 31ἀ1111170, 10 lapmi- 110, 11 liban m. 10 Μ 111
Indo 11 110111110111 1101η11ωοΒΛ1
113111 17110 Lepon, 1011. .101,11 libere 1010 ’
113111017. 110, 11 1111011107, 111 libem 1110
1131111011 1110111111 110111111111
11311011 111, 11 011010 01, 10. 71, 0 uberi 10, 0. 101, 11
z· 1001. 1
1101111011 ’ 11101011 11111111110110 E
1131100 00110 1110111111 11011001, 10. 10111
1131111111 110, 10 11111101 1011 110110170, 1
11311111 1110 1110131001110,11 1101101 ἢ, 10. 1711
11311111 1011 11101130 111, 1 Iiberrim 171, 0. w
lugentibus 00110 lethi 1116. 00, 7. me. 101, liberrime 0111
11311111 1011 1) 1101111 m, 10
1131111710 11100101,οῊ0,11,110,10,Ιὶ011111011,0011,1181
1131111 01110 lethum 01, 10 1111111111 1011. 111. 1 Ι.
1131111111, 11. 111, 10 leuat 01111 001, ὓ 10
11 , 101111, 110, 0. Μ, 0. 11111111 011,0 bunia 77, 7. 101, 11
,11. 110,10.Ώο,7. 010, 111110100117 11011111111111111

107111. 0010 11111111119111111 libertino 107, 0. 17111
11311, urb. 011, 10 1111111101, 0. 1111 0117
1131111111. 101, 11 11111111110, 10 libertinus 1110 1110
1131, 0111101, 0. 010,1 11111 117, 0. 111, 10 1101111111), ²2 110, 10
1131011 110, 7. 101, 10. 0111 111111 m. 11 1101111711. 10111
11310 1710 1111101910 1101η1110,11.1111
logio-{hwa 11111111 m 111111, 1. 111. 5,ss
11311,1011.100, 17 1011101 01111010, 1 171, 11. 100, 11
11311 ml 1111111011 10111 {m ᾖ 1. 17111

1 1 ’ “ 0

1131111101 100, 10. 070, 10 levem 17 , 1.
11311111 1. 1018 lem, prin 11ἑ91,0,οᾆῐ11,1111010111011100,1

lamundum lm.. · ..1,1, ,1,1. 11111111ιο

lam 1110 11, . 1111111 111, mmmm

11111, 11. m, 1. 1011 m, 11111 libum 111

10. 11, 1. mm lent 1011 11οἰ11111111111011
111111 lavim 11., um 111, 0101111 111
1010111011. amo mmo mitia-mn
uni-two 1011,pr···aomff‚⁶w,1 nummu
1111011011,11 11111110. 01,1 mmmm
luiet4⁰⁸‚⁶ 1111111 numa
1111111711 [1110110111 1710111108,7

111101 011. 0011 1111011710 11011 &m 000, 11
1111111710. 17110011 1111011 11111. 1011 111011, ἑὼ, 1110
11111,1011.00,11. 111111. 100, 1111011011 1111111111 00111

1. 101, ιε. sna. 1011 101111. 11,1.10,11ιιτ,111.101,1 1111 111
mulam 1111,ιο. 10011111. 111, ιο. 1111
lonium 1111111111 111111010111
1111111, 1. 111, 0 0111111110 1111110, 2 10111 111
mu 100110101111,1 1111

mmmm 1111111111 mmmmm
111011 1011111111. 111 ammi· 111101
mm 1111 libyum
1111110111 1110 1110710 1103111017
1101111010 101 ...11110 1111111011
1111111111 10110 1101 01111 1111111110. &M
1101111. 111, 1 111, 10 nutis 111 0111 01, 0. 11, 1. w
1101111 umam. 16 11, 1. 11111010
1101101,ιο um 11011110 .
neom 1111111111οῌ

11111111. 1111111 1111110111017 m,
111.1111111101,1.ι1.1..111,10.101.1 mamma
10111111 num». 111 noa. 110, ι1 1100121124s,2w,1m¹²
1111110 11111011111110011. sm

leonibus 18111 11111. 10117. 0011 licentiam

7

 

